82.12835958
82.02453263
81.92098764
81.81762830
81.71445434
81.61146546
81.50866140
81.40604194
81.30360690
81.20135615
81.09928961
80.99740728
80.89570922
80.79419558
80.69286654
80.59172239
80.49076346
80.38999014
80.28940285
80.18900207
80.08878827
79.98876194
79.88892355
79.78927354
79.68981231
79.59054017
79.49145738
79.39256410
79.29386036
79.19534611
79.09702113
78.99888512
78.90093760
78.80317800
78.70560559
78.60821955
78.51101894
78.41400273
78.31716978
78.22051890
78.12404885
78.02775834
77.93164605
77.83571066
77.73995085
77.64436530
77.54895272
77.45371185
77.35864147
77.26374040
77.16900749
77.07444167
76.98004188
76.88580707
76.79173622
76.69782827
76.60408215
76.51049676
76.41707098
76.32380369
76.23069375
76.13774007
76.04494155
75.95229716
75.85980590
75.76746684
75.67527913
75.58324195
75.49135459
75.39961638
75.30802676
75.21658520
75.12529161
75.03414614
74.94314885
74.85229976
74.76159886
74.67104612
74.58064150
74.49038493
74.40027632
74.31031557
74.22050257
74.13083718
74.04131926
73.95194864
73.86272516
73.77364863
73.68471886
73.59593563
73.50729872
73.41880792
73.33046296
73.24226359
73.15420954
73.06630050
72.97853616
72.89091622
72.80344034
72.71610819
72.62891945
72.54187379
72.45497087
72.36821037
72.28159197
72.19511534
72.10878017
72.02258630
71.93653369
71.85062227
71.76485198
71.67922276
71.59373453
71.50838723
71.42318081
71.33811522
71.25319041
71.16840632
71.08376293
70.99926018
70.91489805
70.83067651
70.74659551
70.66265505
70.57885509
70.49519563
70.41167664
70.32829812
70.24506006
70.16196246
70.07900534
70.10909499
70.47756738
71.15108998
72.07177492
73.18536263
74.44255620
75.79988174
77.22011980
78.67236622
80.13179169
81.57917480
83.00028230
84.38516475
85.72742579
87.02351119
88.27205162
89.47328064
90.62853943
91.73987138
92.80970296
93.84060370
94.83511483
95.79563542
96.72435466
97.62321950
98.49392805
99.33794067
100.15650196
100.95066852
101.72133856
102.46928067
103.19516000
103.89956101
104.58300621
105.24597112
105.88889578
106.51219307
107.11625469
107.70145510
108.26815406
108.81669816
109.34745239
109.86082436
110.35720232
110.83693624
111.30033089
111.74764788
112.17911270
112.59492410
112.99526362
113.38030412
113.75021658
114.10517504
114.44535955
114.77095769
115.08216463
115.37918248
115.66221894
115.93148577
116.18719711
116.42956805
116.65881321
116.87514576
117.07877654
117.26991360
117.44876181
117.61552274
117.77039472
117.91357298
118.04524983
118.16561502
118.27485605
118.37315849
118.46070638
118.53768259
118.60426917
118.66064769
118.70699925
118.74350574
118.77034934
118.78771290
118.79577829
118.79464622
118.78421824
118.76430592
118.73473162
118.69539304
118.64629943
118.58758442
118.51950148
118.44240769
118.35674105
118.26299488
118.16166319
118.05304660
117.93767552
117.81616982
117.68907836
117.55685676
117.41909380
117.27288865
117.11315604
116.93295508
116.72423792
116.47856354
116.18761860
115.84358961
115.43943056
114.96904899
114.42741863
113.81062921
113.11589012
112.34153470
111.48714105
110.55403193
109.54680647
108.47744598
107.37389801
106.28859884
105.29201642
104.45207281
103.81059513
103.36092412
103.05411942
102.83328250
102.65691550
102.50128707
102.35467006
102.21182200
102.07057263
101.93007826
101.79002775
101.65030118
101.51085517
101.37168838
101.23280134
101.09419400
100.95586574
100.81781558
100.68004232
100.54254465
100.40532122
100.26837072
100.13169185
99.99528336
99.85914405
99.72327272
99.58766822
99.45232938
99.31725508
99.18244418
99.04789555
98.91360807
98.77958059
98.64581200
98.51230117
98.37904697
98.24604829
98.11330399
97.98081297
97.84857412
97.71658632
97.58484848
97.45335952
97.32211836
97.19112394
97.06037520
96.92987111
96.79961065
96.66959280
96.53981656
96.41028096
96.28098504
96.15192785
96.02310847
95.89452599
95.76617951
95.63806819
95.51019116
95.38254760
95.25513670
95.12795766
95.00100973
94.87429215
94.74780419
94.62154515
94.49551431
94.36971102
94.24413462
94.11878446
93.99365993
93.86876041
93.74408532
93.61963408
93.49540613
93.37140092
93.24761793
93.12405662
93.00071649
92.87759704
92.75469778
92.63201824
92.50955795
92.38731644
92.26529328
92.14348800
92.02190018
91.90052939
91.77937519
91.65843718
91.53771492
91.41720802
91.29691607
91.17683866
91.05697539
90.93732586
90.81788967
90.69866644
90.57965576
90.46085725
90.34227052
90.22389519
90.10573089
89.98777728
89.87003401
89.75250071
89.63517700
89.51806251
89.40115686
89.28445966
89.16797052
89.05168903
88.93561480
88.81974742
88.70408647
88.58863155
88.47338222
88.35833808
88.24349874
88.12886383
88.01443295
87.90020575
87.78618184
87.67236085
87.55874241
87.44532615
87.33211169
87.21909867
87.10628673
86.99367550
86.88126462
86.76905373
86.65704248
86.54523050
86.43361745
86.32220297
86.21098673
86.09996837
85.98914755
85.87852393
85.76809718
85.65786697
85.54783296
85.43799481
85.32835222
85.21890485
85.10965239
85.00059451
84.89173090
84.78306125
84.67458524
84.56630258
84.45821295
84.35031605
84.24261158
84.13509923
84.02777872
83.92064974
83.81371200
83.70696520
83.60040906
83.49404327
83.38786755
83.28188161
83.17608516
83.07047791
82.96505956
82.85982983
82.75478843
82.64993507
82.54526944
82.44079127
82.33650025
82.23239609
82.12847850
82.02464934
81.92110223
81.81774078
81.71456470
81.61157372
81.50876757
81.40614602
81.30370890
81.20145607
81.09938746
80.99750307
80.89580297
80.79428727
80.69295620
80.59181002
80.49084907
80.39007373
80.28948443
80.18908165
80.08886585
79.98883753
79.88899716
79.78934518
79.68988197
79.59060788
79.49152314
79.39262790
79.29392223
79.19540604
79.09707914
78.99894121
78.90099178
78.80323027
78.70565596
78.60826804
78.51106554
78.41404745
78.31721263
78.22055989
78.12408798
78.02779562
77.93168149
77.83574426
77.73998261
77.64439524
77.54898084
77.45373816
77.35866597
77.26376310
77.16902841
77.07446080
76.98005922
76.88582264
76.79175003
76.69784032
76.60409244
76.51050529
76.41707777
76.32380874
76.23069707
76.13774166
76.04494142
75.95229532
75.85980235
75.76746159
75.67527217
75.58323330
75.49134426
75.39960437
75.30801307
75.21656985
75.12527460
75.03412747
74.94312852
74.85227778
74.76157524
74.67102087
74.58061462
74.49035642
74.40024619
74.31028383
74.22046922
74.13080223
74.04128271
73.95191050
73.86268543
73.77360732
73.68467597
73.59589117
73.50725270
73.41876033
73.33041382
73.24221291
73.15415731
73.06624673
72.97848086
72.89085939
72.80338199
72.71604832
72.62885807
72.54181090
72.45490648
72.36814448
72.28152459
72.19504647
72.10870982
72.02251447
71.93646039
71.85054750
71.76477575
71.67914507
71.59365539
71.50830664
71.42309878
71.33803176
71.25310551
71.16832000
71.08367518
70.99917102
70.91480748
70.83058452
70.74650213
70.66256027
70.57875892
70.49509807
70.41157769
70.32819779
70.24495836
70.16185940
70.07890091
70.10898825
70.47745795
71.15097778
72.07165994
73.18524489
74.44243574
75.79975864
77.21999416
78.67223811
80.13166121
81.57904203
83.00014730
84.38502757
85.72728644
87.02336971
88.27190800
89.47313485
90.62839147
91.73972119
92.80955052
93.84044897
94.83495775
95.79547594
96.72419275
97.62305510
98.49376111
99.33777116
100.15632983
100.95049374
101.72116108
102.46910046
103.19497703
103.89937525
104.58281763
105.24577970
105.88870148
106.51199587
107.11605457
107.70125203
108.26794803
108.81648914
109.34724035
109.86060926
110.35698413
110.83671492
111.30010643
111.74742026
112.17888192
112.59469016
112.99502652
113.38006386
113.74997316
114.10492844
114.44510979
114.77070474
115.08190850
115.37892315
115.66195640
115.93122001
116.18692812
116.42929580
116.65853771
116.87486698
117.07849448
117.26962825
117.44847315
117.61523076
117.77009943
117.91327435
118.04494786
118.16530972
118.27454740
118.37284648
118.46039102
118.53736387
118.60394709
118.66032225
118.70667045
118.74317357
118.77001382
118.78737401
118.79543605
118.79430061
118.78386925
118.76395354
118.73437584
118.69503386
118.64593685
118.58721845
118.51913213
118.44203500
118.35636504
118.26261558
118.16128074
118.05266130
117.93728727
117.81577855
117.68868402
117.55645932
117.41869304
117.27248415
117.11274720
116.93254115
116.72381812
116.47813712
116.18718484
115.84314788
115.43898035
114.96858989
114.42695034
113.81015155
113.11540304
112.34103822
111.48663538
110.55351747
109.54628406
108.47691742
107.37336688
106.28807073
105.29149746
104.45156780
103.81010550
103.36044698
103.05364980
102.83281617
102.65644985
102.50082077
102.35420249
102.21135290
102.07010190
101.92960588
101.78955371
101.64982549
101.51037783
101.37120939
101.23232072
101.09371175
100.95538187
100.81733011
100.67955525
100.54205598
100.40483096
100.26787887
100.13119843
99.99478838
99.85864751
99.72277463
99.58716858
99.45182821
99.31675238
99.18193996
99.04738981
98.91310081
98.77907184
98.64530175
98.51178944
98.37853376
98.24553360
98.11278784
97.98029536
97.84805505
97.71606581
97.58432653
97.45283614
97.32159355
97.19059771
97.05984756
96.92934206
96.79908020
96.66906095
96.53928333
96.40974635
96.28044905
96.15139050
96.02256975
95.89398592
95.76563810
95.63752543
95.50964706
95.38200217
95.25458994
95.12740959
95.00046035
94.87374147
94.74725221
94.62099187
94.49495975
94.36915518
94.24357750
94.11822607
93.99310027
93.86819950
93.74352315
93.61907067
93.49484148
93.37083504
93.24705081
93.12348828
93.00014693
92.87702627
92.75412581
92.63144507
92.50898359
92.38674089
92.26471654
92.14291009
92.02132110
91.89994914
91.77879379
91.65785462
91.53713122
91.41662318
91.29633008
91.17625154
91.05638714
90.93673649
90.81729919
90.69807485
90.57906307
90.46026346
90.34167563
90.22329921
90.10513383
89.98717914
89.86943480
89.75190043
89.63457566
89.51746011
89.40055341
89.28385517
89.16736498
89.05108246
88.93500720
88.81913879
88.70347683
88.58802089
88.47277055
88.35772541
88.24288507
88.12824915
88.01381729
87.89958910
87.78556422
87.67174225
87.55812284
87.44470561
87.33149019
87.21847622
87.10566333
86.99305115
86.88063933
86.76842751
86.65641532
86.54460242
86.43298844
86.32157305
86.21035589
86.09933663
85.98851490
85.87789039
85.76746275
85.65723165
85.54719675
85.43735773
85.32771426
85.21826602
85.10901269
84.99995395
84.89108948
84.78241898
84.67394213
84.56565862
84.45756815
84.34967042
84.24196512
84.13445195
84.02713061
83.92000082
83.81306226
83.70631466
83.59975771
83.49339113
83.38721461
83.28122788
83.17543065
83.06982261
82.96440349
82.85917299
82.75413082
82.64927669
82.54461030
82.44013137
82.33583960
82.23173470
82.12781636
82.02406691
81.92052050
81.81715975
81.71398437
81.61099409
81.50818863
81.40556778
81.30313135
81.20087922
81.09881130
80.99692760
80.89522818
80.79371318
80.69238279
80.59123730
80.49027703
80.38950238
80.28891376
80.18851166
80.08829655
79.98826891
79.88842921
79.78877791
79.68931538
79.59004195
79.49095789
79.39206333
79.29335833
79.19484281
79.09651658
78.99837931
78.90043055
78.80266971
78.70509607
78.60770881
78.51050698
78.41348954
78.31665538
78.22000330
78.12353205
78.02724035
77.93112687
77.83519030
77.73942931
77.64384259
77.54842884
77.45318681
77.35811528
77.26321305
77.16847901
77.07391205
76.97951112
76.88527518
76.79120321
76.69729414
76.60354690
76.50996040
76.41653351
76.32326512
76.23015409
76.13719932
76.04439972
75.95175424
75.85926191
75.76692178
75.67473299
75.58269475
75.49080633
75.39906708
75.30747640
75.21603381
75.12473918
75.03359267
74.94259434
74.85174423
74.76104231
74.67048855
74.58008292
74.48982534
74.39971573
74.30975398
74.21993998
74.13027360
74.04075469
73.95138310
73.86215864
73.77308114
73.68415039
73.59536620
73.50672834
73.41823657
73.32989067
73.24169035
73.15363535
73.06572538
72.97796011
72.89033923
72.80286243
72.71552936
72.62833970
72.54129313
72.45438930
72.36762790
72.28100860
72.19453107
72.10819501
72.02200025
71.93594675
71.85003446
71.76426329
71.67863319
71.59314409
71.50779593
71.42258866
71.33752221
71.25259654
71.16781161
71.08316737
70.99866379
70.91430082
70.83007844
70.74599662
70.66205534
70.57825456
70.49459428
70.41107448
70.32769515
70.24445629
70.16135789
70.07839997
70.10851771
70.47701988
71.15056457
72.07126481
73.18486199
74.44206017
75.79938643
77.21962219
78.67186405
80.13128337
81.57865927
82.99975893
84.38463324
85.72688603
87.02296327
88.27149569
89.47271690
90.62796810
91.73929265
92.80911701
93.84001068
94.83451484
95.79502854
96.72374093
97.62259894
98.49330067
99.33730644
100.15586087
100.95002053
101.72068363
102.46861875
103.19449106
103.89888501
104.58232310
105.24528087
105.88819835
106.51148843
107.11554280
107.70073592
108.26742757
108.81596432
109.34671114
109.86007562
110.35644602
110.83617232
111.29955932
111.74686865
112.17832581
112.59412956
112.99446144
113.37949431
113.74939916
114.10435001
114.44452693
114.77011746
115.08131678
115.37832701
115.66135583
115.93061499
116.18631867
116.42868191
116.65791936
116.87424418
117.07786722
117.26899653
117.44783697
117.61459014
117.76945435
117.91262484
118.04429392
118.16465135
118.27388462
118.37217930
118.45971946
118.53668795
118.60326682
118.65963765
118.70598155
118.74248039
118.76931638
118.78667235
118.79473018
118.79359057
118.78315506
118.76323521
118.73365340
118.69430734
118.64520628
118.58648388
118.51839360
118.44129256
118.35561874
118.26186548
118.16052717
118.05190497
117.93652794
117.81501602
117.68791817
117.55569002
117.41791987
117.27170620
117.11196320
116.93174955
116.72301729
116.47732545
116.18636087
115.84231034
115.43812818
114.96772228
114.42606671
113.80925155
113.11448656
112.34010543
111.48568676
110.55255407
109.54530805
108.47593355
107.37238479
106.28710550
105.29056555
104.45068193
103.80926906
103.35965150
103.05288123
102.83206262
102.65570400
102.50007883
102.35346272
102.21061457
102.06936472
101.92886973
101.78881856
101.64909131
101.50964462
101.37047716
101.23158946
101.09298145
100.95465254
100.81660174
100.67882784
100.54132953
100.40410547
100.26715434
100.13047485
99.99406575
99.85792583
99.72205390
99.58644880
99.45110937
99.31603449
99.18122301
99.04667380
98.91238574
98.77835770
98.64458855
98.51107717
98.37782242
98.24482320
98.11207836
97.97958681
97.84734742
97.71535910
97.58362074
97.45213127
97.32088960
97.18989467
97.05914544
96.92864085
96.79837990
96.66836156
96.53858484
96.40904877
96.27975238
96.15069472
96.02187488
95.89329194
95.76494502
95.63683324
95.50895577
95.38131177
95.25390043
95.12672097
94.99977261
94.87305461
94.74656624
94.62030678
94.49427554
94.36847185
94.24289505
94.11754449
93.99241957
93.86751967
93.74284419
93.61839258
93.49416425
93.37015868
93.24637532
93.12281365
92.99947316
92.87635336
92.75345376
92.63077388
92.50831324
92.38607141
92.26404791
92.14224231
92.02065416
91.89928305
91.77812854
91.65719022
91.53646766
91.41596046
91.29566820
91.17559050
91.05572694
90.93607712
90.81664065
90.69741714
90.57840619
90.45960741
90.34102042
90.22264482
90.10448026
89.98652640
89.86878288
89.75124933
89.63392538
89.51681065
89.39990476
89.28320733
89.16671796
89.05043625
88.93436180
88.81849420
88.70283304
88.58737791
88.47212838
88.35708404
88.24224450
88.12760939
88.01317833
87.89895094
87.78492684
87.67110567
87.55748706
87.44407062
87.33085599
87.21784281
87.10503071
86.99241932
86.88000828
86.76779724
86.65578583
86.54397371
86.43236052
86.32094591
86.20972952
86.09871103
85.98789009
85.87726635
85.76683948
85.65660914
85.54657501
85.43673676
85.32709406
85.21764658
85.10839402
84.99933604
84.89047233
84.78180259
84.67332650
84.56504375
84.45695404
84.34905706
84.24135251
84.13384009
84.02651951
83.91939046
83.81245266
83.70570580
83.59914960
83.49278376
83.38660799
83.28062200
83.17482551
83.06921821
82.96379983
82.85857006
82.75352863
82.64867523
82.54400958
82.43953138
82.33524034
82.23113617
82.12721855
