6.82478861
6.85395290
6.88018175
6.90355615
6.92416768
6.94211769
6.95751649
6.97048236
6.98114062
6.98962270
6.99606513
7.00060856
7.00339683
7.00457605
7.00429366
7.00273719
7.00067621
7.00003908
7.00363639
7.01478474
7.03700489
7.07377652
7.12833406
7.20349118
7.30148653
7.42384745
7.57127251
7.74354519
7.93946746
8.15683385
8.39244464
8.64216297
8.90101720
9.16334808
9.42299995
9.67355396
9.90861675
10.12209859
10.30842219
10.46279505
10.58143221
10.66173364
10.70240463
10.70351014
10.66645799
10.59391033
10.48962785
10.35825630
10.20508455
10.03596055
9.85677894
9.67296029
9.48936132
9.31011987
9.13855245
8.97711078
8.82739601
8.69022339
8.56572578
8.45348234
8.35265711
8.26213520
8.18064665
8.10686945
8.03950886
7.97735247
7.91930293
7.86435385
7.80812520
7.73917653
7.64728043
7.52568912
7.37120349
7.18385616
6.96632197
6.72319521
6.46027052
6.18393451
5.90073755
5.61712182
5.33923687
5.07279922
4.82296077
4.59414879
4.38980245
4.21176019
4.05887363
3.92474734
3.79768262
3.66646584
3.52721203
3.38276823
3.23892313
3.10123341
2.97354082
2.85786936
2.75489695
2.66448095
2.58605539
2.51888384
2.46220262
2.41529254
2.37750842
2.34828520
2.32713251
2.31362442
2.30738636
2.30808309
2.31540891
2.32908006
2.34882766
2.37439261
2.40552190
2.44196615
2.48347417
2.52977525
2.58059824
2.63567608
2.69474576
2.75754924
2.82383436
2.89335573
2.96587551
3.04116398
3.11899999
3.19917117
3.28147401
3.36571375
3.45170413
3.53926707
3.62823231
3.71843158
3.80962950
3.90156085
3.99399700
4.08673765
4.17960977
4.27246572
4.36518084
4.45765075
4.54978852
4.64152205
4.73279144
4.82354362
4.91371543
5.00326659
5.09216831
5.18039389
5.26790408
5.35466031
5.44063369
5.52580430
5.61016047
5.69369822
5.77642067
5.85833754
5.93946461
6.01982326
6.09943998
6.17834590
6.25657629
6.33417009
6.41116947
6.48761935
6.56356697
6.63906143
6.71415329
6.78889415
6.86333625
6.93753209
7.01153407
7.08539425
7.15916460
7.23289565
7.30663585
7.38043143
7.45432612
7.52836100
7.60257424
7.67700095
7.75167305
7.82661904
7.90186394
7.97742909
8.05333212
8.12958676
8.20620285
8.28318620
8.36053857
8.43825762
8.51633688
8.59476577
8.67352954
8.75260935
8.83198227
8.91162132
8.99149555
9.07157010
9.15180628
9.23216169
9.31259032
9.39304268
9.47346596
9.55380416
9.63399826
9.71398641
9.79370413
9.87308450
9.95205837
10.03055461
10.10850031
10.18582106
10.26244120
10.33828404
10.41327221
10.48732786
10.56037294
10.63232932
10.70311897
10.77266405
10.84088699
10.90771055
10.97305784
11.03685234
11.09901793
11.15947893
11.21816009
11.27498674
11.32988477
11.38278088
11.43360267
11.48227898
11.52874022
11.57291879
11.61475026
11.65417788
11.69114857
11.72561530
11.75754106
11.78690120
11.81368509
11.83789661
11.85955351
11.87868620
11.89533634
11.90955553
11.92140423
11.93095064
11.93826968
11.94344180
11.94655169
11.94768749
11.94694033
11.94440442
11.94017742
11.93436042
11.92705737
11.91837387
11.90841618
11.89729056
11.88510267
11.87195710
11.85795690
11.84320325
11.82779504
11.81182862
11.79539749
11.77859207
11.76149948
11.74420337
11.72678375
11.70931692
11.69187531
11.67452743
11.65733787
11.64036719
11.62367199
11.60730488
11.59131453
11.57574569
11.56063928
11.54603244
11.53195862
11.51844767
11.50552595
11.49321642
11.48153876
11.47050951
11.46014216
11.45044732
11.44143280
11.43310380
11.42546298
11.41775031
11.40457754
11.38350526
11.35332688
11.31304502
11.26186254
11.19917490
11.12456237
11.03778167
10.93875666
10.82756768
10.70444028
10.56973294
10.42392376
10.26759646
10.10142590
9.92616323
9.74262114
9.55165921
9.35416975
9.15106435
8.94326126
8.73167389
8.51720031
8.30071408
8.08305638
7.86502933
7.64739067
7.43084967
7.21606418
7.00363879
6.79412395
6.58801602
6.38575805
6.18774122
5.99427328
5.80557515
5.62188785
5.44361633
5.27107554
5.10445161
4.94389149
4.78950727
4.64137933
4.49955961
4.36407463
4.23492852
4.11210584
3.99557426
3.88528707
3.78118545
3.68320064
3.59125578
3.50526765
3.42514820
3.35080585
3.28214669
3.21907541
3.16149617
3.10931327
3.06243166
3.02075740
2.98419800
2.95266260
2.92606212
2.90430930
2.88731869
2.87500654
2.86729068
2.86409035
2.86532595
2.87091881
2.88079092
2.89486458
2.91306215
2.93530563
2.96151633
2.99161451
3.02551902
3.06314697
3.10441329
3.14923044
3.19750797
3.24915218
3.30406578
3.36214752
3.42329185
3.48738863
3.55432281
3.62397414
3.69621698
3.77092000
3.84794609
3.92715217
4.00838912
4.09150173
4.17632876
4.26270298
4.35045134
4.43939517
4.52935051
4.62012845
4.71153558
4.80337452
4.89544454
4.98754224
5.07946225
5.17099666
5.26191312
5.35198629
5.44101342
5.52879649
5.61514281
5.69986590
5.78278638
5.86373277
5.94254240
6.01906219
6.09314947
6.16467265
6.23351195
6.29956000
6.36272237
6.42291803
6.48007974
6.53415428
6.58510270
6.63290034
6.67753684
6.71901606
6.75735616
6.79258892
6.82475921
6.85392449
6.88015433
6.90352971
6.92414221
6.94209317
6.95749289
6.97045965
6.98111878
6.98960169
6.99604489
7.00058906
7.00337802
7.00455788
7.00427608
7.00272014
7.00065963
7.00002293
7.00362060
7.01476927
7.03698968
7.07376152
7.12831921
7.20347641
7.30147177
7.42383261
7.57125751
7.74352991
7.93945181
8.15681771
8.39242791
8.64214553
8.90099895
9.16332893
9.42297981
9.67353276
9.90859446
10.12207518
10.30839766
10.46276941
10.58140550
10.66170590
10.70237593
10.70348055
10.66642761
10.59387923
10.48959614
10.35822407
10.20505188
10.03592752
9.85674561
9.67292672
9.48932756
9.31008596
9.13851842
8.97707665
8.82736179
8.69018908
8.56569136
8.45344782
8.35262247
8.26210043
8.18061174
8.10683439
8.03947364
7.97731707
7.91926734
7.86431805
7.80808894
7.73913947
7.64724237
7.52564997
7.37116330
7.18381503
6.96628010
6.72315282
6.46022785
6.18389180
5.90069504
5.61707972
5.33919538
5.07275853
4.82292103
4.59411011
4.38976493
4.21172384
4.05883839
3.92471302
3.79764902
3.66643291
3.52717992
3.38273717
3.23889331
3.10120491
2.97351367
2.85784351
2.75487231
2.66445743
2.58603289
2.51886227
2.46218189
2.41527258
2.37748915
2.34826655
2.32711442
2.31360683
2.30736924
2.30806636
2.31539255
2.32906401
2.34881188
2.37437706
2.40550654
2.44195094
2.48345908
2.52976023
2.58058326
2.63566110
2.69473075
2.75753417
2.82381919
2.89334043
2.96586006
3.04114834
3.11898414
3.19915509
3.28145767
3.36569712
3.45168719
3.53924981
3.62821469
3.71841360
3.80961114
3.90154209
3.99397782
4.08671804
4.17958973
4.27244523
4.36515990
4.45762933
4.54976664
4.64149968
4.73276858
4.82352028
4.91369158
5.00324223
5.09214343
5.18036849
5.26787816
5.35463386
5.44060671
5.52577678
5.61013240
5.69366960
5.77639150
5.85830781
5.93943431
6.01979239
6.09940854
6.17831387
6.25654367
6.33413687
6.41113564
6.48758491
6.56353190
6.63902573
6.71411695
6.78885716
6.86329860
6.93749377
7.01149507
7.08535455
7.15912420
7.23285452
7.30659399
7.38038882
7.45428276
7.52831686
7.60252932
7.67695524
7.75162653
7.82657170
7.90181575
7.97738006
8.05328222
8.12953599
8.20615120
8.28313365
8.36048511
8.43820324
8.51628157
8.59470952
8.67347234
8.75255119
8.83192314
8.91156122
8.99143447
9.07150803
9.15174322
9.23209764
9.31252527
9.39297663
9.47339891
9.55373610
9.63392920
9.71391635
9.79363308
9.87301246
9.95198534
10.03048060
10.10842533
10.18574512
10.26236430
10.33820621
10.41319344
10.48724819
10.56029237
10.63224786
10.70303664
10.77258087
10.84080298
10.90762573
10.97297222
11.03676595
11.09893080
11.15939107
11.21807153
11.27489750
11.32979488
11.38269037
11.43351156
11.48218730
11.52864799
11.57282604
11.61465702
11.65408418
11.69105442
11.72552074
11.75744611
11.78680589
11.81358946
11.83780067
11.85945730
11.87858975
11.89523967
11.90945868
11.92130721
11.93085348
11.93817242
11.94334444
11.94645427
11.94759002
11.94684283
11.94430692
11.94007993
11.93426294
11.92695993
11.91827648
11.90831885
11.89719330
11.88500550
11.87186001
11.85785991
11.84310636
11.82769825
11.81173194
11.79530092
11.77849560
11.76140312
11.74410711
11.72668760
11.70922086
11.69177934
11.67443156
11.65724207
11.64027147
11.62357635
11.60720930
11.59121901
11.57565022
11.56054385
11.54593704
11.53186325
11.51835232
11.50543060
11.49312107
11.48144340
11.47041413
11.46004675
11.45035187
11.44133731
11.43300825
11.42536737
11.41765456
11.40448136
11.38340867
11.35322989
11.31294769
11.26176494
11.19907713
11.12446453
11.03768387
10.93865902
10.82747032
10.70434334
10.56963655
10.42382805
10.26750156
10.10133191
9.92607029
9.74252935
9.55156866
9.35408052
9.15097652
8.94317491
8.73158906
8.51711704
8.30063242
8.08297634
7.86495092
7.64731390
7.43077453
7.21599067
7.00356687
6.79405360
6.58794721
6.38569074
6.18767537
5.99420883
5.80551202
5.62182602
5.44355584
5.27101635
5.10439369
4.94383480
4.78945175
4.64132495
4.49950632
4.36402239
4.23487728
4.11205555
3.99552488
3.88523854
3.78113774
3.68315370
3.59120956
3.50522211
3.42510328
3.35076153
3.28210291
3.21903213
3.16145336
3.10927088
3.06238965
3.02071574
2.98415664
2.95262151
2.92602127
2.90426866
2.88727821
2.87496620
2.86725044
2.86405017
2.86528581
2.87087868
2.88075076
2.89482437
2.91302186
2.93526523
2.96147579
2.99157380
3.02547812
3.06310585
3.10437193
3.14918881
3.19746604
3.24910994
3.30402320
3.36210457
3.42324852
3.48734489
3.55427865
3.62392954
3.69617191
3.77087445
3.84790005
3.92710563
4.00834206
4.09145414
4.17628064
4.26265431
4.35040210
4.43934538
4.52930016
4.62007753
4.71148410
4.80332248
4.89539194
4.98748910
5.07940856
5.17094243
5.26185837
5.35193102
5.44095764
5.52874022
5.61508607
5.69980871
5.78272876
5.86367474
5.94248398
6.01900342
6.09309036
6.16461323
6.23345224
6.29950003
6.36266217
6.42285762
6.48001914
6.53409352
6.58504180
6.63283932
6.67747573
6.71895487
6.75729491
6.79252764
6.82469790
6.85386324
6.88009321
6.90346874
6.92408141
6.94203258
6.95743251
6.97039951
6.98105888
6.98954203
6.99598549
7.00052991
7.00331913
7.00449924
7.00421767
7.00266196
7.00060166
6.99996515
7.00356300
7.01471182
7.03693235
7.07370427
7.12826201
7.20341921
7.30141452
7.42377526
7.57119999
7.74347216
7.93939376
8.15675929
8.39236905
8.64208617
8.90093904
9.16326840
9.42291862
9.67347088
9.90853191
10.12201197
10.30833379
10.46270490
10.58134036
10.66164015
10.70230958
10.70341362
10.66636009
10.59381113
10.48952747
10.35815481
10.20498200
10.03585695
9.85667433
9.67285471
9.48925481
9.31001246
9.13844418
8.97700168
8.82728608
8.69011266
8.56561424
8.45337002
8.35254400
8.26202131
8.18053200
8.10675405
8.03939271
7.97723558
7.91918529
7.86423541
7.80800510
7.73905362
7.64715402
7.52555894
7.37106967
7.18371912
6.96618237
6.72305382
6.46012818
6.18379206
5.90059580
5.61698153
5.33909873
5.07266386
4.82282872
4.59402048
4.38967818
4.21164006
4.05875744
3.92463456
3.79757263
3.66635851
3.52710783
3.38266787
3.23882713
3.10114202
2.97345403
2.85778698
2.75481867
2.66440644
2.58598432
2.51881590
2.46213751
2.41523001
2.37744822
2.34822712
2.32707635
2.31357000
2.30733352
2.30803166
2.31535876
2.32903104
2.34877964
2.37434546
2.40547550
2.44192037
2.48342890
2.52973036
2.58055363
2.63563164
2.69470139
2.75750482
2.82378981
2.89331095
2.96583041
3.04111848
3.11895401
3.19912463
3.28142685
3.36566589
3.45165550
3.53921763
3.62818199
3.71838034
3.80957727
3.90150759
3.99394267
4.08668221
4.17955321
4.27240802
4.36512198
4.45759072
4.54972733
4.64145968
4.73272789
4.82347891
4.91364954
5.00319952
5.09210007
5.18032449
5.26783353
5.35458862
5.44056088
5.52573036
5.61008543
5.69362209
5.77634346
5.85825925
5.93938526
6.01974287
6.09935856
6.17826346
6.25649284
6.33408563
6.41108402
6.48753292
6.56347956
6.63897306
6.71406396
6.78880386
6.86324501
6.93743991
7.01144095
7.08530018
7.15906960
7.23279970
7.30653897
7.38033361
7.45422736
7.52826130
7.60247360
7.67689938
7.75157053
7.82651558
7.90175953
7.97732374
8.05322582
8.12947952
8.20609466
8.28307706
8.36042848
8.43814657
8.51622489
8.59465282
8.67341565
8.75249451
8.83186649
8.91150460
8.99137789
9.07145150
9.15168675
9.23204123
9.31246895
9.39292040
9.47334278
9.55368008
9.63387329
9.71386057
9.79357743
9.87295694
9.95192998
10.03042539
10.10837028
10.18569025
10.26230960
10.33815169
10.41313911
10.48719405
10.56023843
10.63219412
10.70298311
10.77252755
10.84074987
10.90757284
10.97291955
11.03671350
11.09887856
11.15933905
11.21801974
11.27484592
11.32974352
11.38263921
11.43346062
11.48213656
11.52859746
11.57277571
11.61460688
11.65403421
11.69100463
11.72547111
11.75739663
11.78675656
11.81354026
11.83775161
11.85940835
11.87854092
11.89519094
11.90941004
11.92125866
11.93080501
11.93812401
11.94329609
11.94640597
11.94754176
11.94679460
11.94425871
11.94003173
11.93421475
11.92691174
11.91822827
11.90827062
11.89714504
11.88495720
11.87181167
11.85781152
11.84305791
11.82764974
11.81168336
11.79525227
11.77844687
11.76135430
11.74405820
11.72663859
11.70917176
11.69173013
11.67438224
11.65719265
11.64022193
11.62352669
11.60715952
11.59116910
11.57560019
11.56049369
11.54588676
11.53181284
11.51830178
11.50537993
11.49307027
11.48139246
11.47036306
11.45999555
11.45030054
11.44128585
11.43295666
11.42531566
11.41760223
11.40442665
11.38335113
11.35316922
11.31288365
11.26169736
11.19900589
11.12438958
11.03760522
10.93857672
10.82738448
10.70425409
10.56954408
10.42373257
10.26740332
10.10123118
9.92596733
9.74242447
9.55146217
9.35397273
9.15086772
8.94306540
8.73147915
8.51700700
8.30052252
8.08286684
7.86484206
7.64720589
7.43066758
7.21588495
7.00346255
6.79395082
6.58784609
6.38559139
6.18757788
5.99411323
5.80541834
5.62173435
5.44346632
5.27092904
5.10430862
4.94375198
4.78937121
4.64124668
4.49943031
4.36394862
4.23480572
4.11198618
3.99545766
3.88517344
3.78107471
3.68309268
3.59115052
3.50516500
3.42504806
3.35070813
3.28205129
3.21898224
3.16140514
3.10922429
3.06234464
3.02067226
2.98411465
2.95258096
2.92598211
2.90423084
2.88724171
2.87493095
2.86721642
2.86401733
2.86525411
2.87084808
2.88072123
2.89479587
2.91299435
2.93523868
2.96145016
2.99154905
3.02545423
3.06308277
3.10434963
3.14916725
3.19744520
3.24908977
3.30400367
3.36208565
3.42323017
3.48732708
3.55426133
3.62391268
3.69615548
3.77085841
3.84788436
3.92709025
4.00832695
4.09143927
4.17626596
4.26263978
4.35038769
4.43933104
4.52928585
4.62006322
4.71146973
4.80330802
4.89537736
4.98747434
5.07939359
5.17092721
5.26184284
5.35191514
5.44094138
5.52872354
5.61506894
5.69979111
5.78271064
5.86365609
5.94246477
6.01898363
6.09306996
6.16459221
6.23343059
6.29947774
6.36263922
6.42283401
6.47999486
6.53406857
6.58501618
6.63281305
6.67744880
6.71892729
6.75726669
6.79249879
6.82466844
