6.95619621
6.97476103
6.99323171
7.01161149
7.02990174
7.04810206
7.06621032
7.08422277
7.10213410
7.11993756
7.13762503
7.15518715
7.17261341
7.18989225
7.20701120
7.22395700
7.24071571
7.25727343
7.27361785
7.28974046
7.30563905
7.32132030
7.33680227
7.35211668
7.36731093
7.38244958
7.39761545
7.41290975
7.42845164
7.44437722
7.46083755
7.47799611
7.49602547
7.51510343
7.53540861
7.55711585
7.58039072
7.60538309
7.63222393
7.66102136
7.69185724
7.72478454
7.75982582
7.79697261
7.83618598
7.87739802
7.92051432
7.96541723
8.01196971
8.06001961
8.10940443
8.15995554
8.21150215
8.26387482
8.31690846
8.37044458
8.42433293
8.47843256
8.53261229
8.58675074
8.64073592
8.69446475
8.74784219
8.80078045
8.85319814
8.90501944
8.95617334
9.00658614
9.05621121
9.10497584
9.15280776
9.19962502
9.24532944
9.28980501
9.33291950
9.37452675
9.41452589
9.45327621
9.49195786
9.53246874
9.57727301
9.62926428
9.69164142
9.76779735
9.86122253
9.97542907
10.11391535
10.28021684
10.47805683
10.71142883
10.98446488
11.30122144
11.66550270
12.08076207
12.55007716
13.07616241
13.66139069
14.30781270
15.01717307
15.79092456
16.63024119
17.53603097
18.50894794
19.54940390
20.65757961
21.83343558
23.07672156
24.38699081
25.76360430
27.20574580
28.71243101
30.28251780
31.91471639
33.60759947
35.35943926
37.16758088
39.02938418
40.94228543
42.90376539
44.91134475
46.96258314
49.05508041
51.18647917
53.35446789
55.55678392
57.79121582
60.05560479
62.34784482
64.66588160
67.00771006
69.37137075
71.75158432
74.10673183
76.38759837
78.56460203
80.61995123
82.54531598
84.33964258
86.00723911
87.55612216
88.99661998
90.34022643
91.59869572
92.78336239
93.90466463
94.97184505
95.99279968
96.97404466
97.92077149
98.83696383
99.72555205
100.58858595
101.42741008
102.24283018
103.03526302
103.80486511
104.55163838
105.27551276
105.97640748
106.65427334
107.30911908
107.94102498
108.55014673
109.13671243
109.70101508
110.24340254
110.76426658
111.26403191
111.74314626
112.20207168
112.64127733
113.06128431
113.46294363
113.84690615
114.21360512
114.56335207
114.89639491
115.21296103
115.51328617
115.79763133
116.06629009
116.31958909
116.55788390
116.78155243
116.99098720
117.18658784
117.36875430
117.53788133
117.69435426
117.83854604
117.97081547
118.09150638
118.20094747
118.29945274
118.38732225
118.46484299
118.53228997
118.58992724
118.63800889
118.67678004
118.70647770
118.72733156
118.73956478
118.74339464
118.73903317
118.72668777
118.70656169
118.67885462
118.64376315
118.60148133
118.55220065
118.49611081
118.43324216
118.36271635
118.28359139
118.19546815
118.09842163
117.99289266
117.87957215
117.75929414
117.63294606
117.50139918
117.36545858
117.22583049
117.08310436
116.93781822
116.79046996
116.64131644
116.49044357
116.33647914
116.16805980
115.96885849
115.72217770
115.41273988
115.02867151
114.56130758
114.00475840
113.35554499
112.61231659
111.77554234
110.84715274
109.83012070
108.72800536
107.54455969
106.28345571
104.94802548
103.54072469
102.06168294
100.50514874
98.85330887
97.07221539
95.11706011
92.94505916
90.53231373
87.88687732
85.04518757
82.05670079
78.97076779
75.83034819
72.67054795
69.51935095
66.39889007
63.32665884
60.31656768
57.37972195
54.52497441
51.75932841
49.08823270
46.51580045
44.04497923
41.67768897
39.41493913
37.25693214
35.20315753
33.25247932
31.40321800
29.65320733
27.99921453
26.43652162
24.96013788
23.56531146
22.24754939
21.00260435
19.82646176
18.71532748
17.66561595
16.67393889
15.73709462
14.85205785
14.01597003
13.22613017
12.47998623
11.77512690
11.10931275
10.48306924
9.89848834
9.35520631
8.85175873
8.38605814
7.95571417
7.55823957
7.19117846
6.85218241
6.53905190
6.24975530
5.98243356
5.73539624
5.50711252
5.29619968
5.10141045
4.92161888
4.75580678
4.60305496
4.46253307
4.33349003
4.21524534
4.10718130
4.00873592
3.91939666
3.83869472
3.76619993
3.70151624
3.64427756
3.59414410
3.55079915
3.51394612
3.48330599
3.45861506
3.43962296
3.42609081
3.41778912
3.41447556
3.41588500
3.42177335
3.43191195
3.44608336
3.46407898
3.48569738
3.51074306
3.53902564
3.57035922
3.60456205
3.64145620
3.68086744
3.72262518
3.76656239
3.81251569
3.86032537
3.90983545
3.96089382
4.01335227
4.06706664
4.12189691
4.17770741
4.23436673
4.29174782
4.34972801
4.40818910
4.46701741
4.52610380
4.58534370
4.64463713
4.70388868
4.76300754
4.82190746
4.88050671
4.93872812
4.99649898
5.05375102
5.11042052
5.16644813
5.22177878
5.27636166
5.33015014
5.38310175
5.43517804
5.48634460
5.53657093
5.58583040
5.63410018
5.68136111
5.72759769
5.77279796
5.81695341
5.86005890
5.90211255
5.94311565
5.98307256
6.02199059
6.05987985
6.09675320
6.13262605
6.16751626
6.20144337
6.23442996
6.26650070
6.29768172
6.32800519
6.35749263
6.38617808
6.41409332
6.44127104
6.46774462
6.49354800
6.51871548
6.54328159
6.56728086
6.59074766
6.61371603
6.63621947
6.65829084
6.67996214
6.70126440
6.72222751
6.74288011
6.76324943
6.78336123
6.80323965
6.82290713
6.84238437
6.86169020
6.88084156
6.89985348
6.91873899
6.93750911
6.95617289
6.97473741
6.99320779
7.01158726
7.02987721
7.04807722
7.06618518
7.08419733
7.10210837
7.11991153
7.13759872
7.15516055
7.17258653
7.18986510
7.20698380
7.22392933
7.24068780
7.25724529
7.27358948
7.28971188
7.30561027
7.32129132
7.33677310
7.35208734
7.36728144
7.38241994
7.39758568
7.41287985
7.42842164
7.44434711
7.46080736
7.47796584
7.49599514
7.51507303
7.53537817
7.55708536
7.58036020
7.60535253
7.63219334
7.66099075
7.69182660
7.72475388
7.75979513
7.79694190
7.83615524
7.87736725
7.92048352
7.96538641
8.01193884
8.05998870
8.10937348
8.15992455
8.21147110
8.26384372
8.31687731
8.37041336
8.42430165
8.47840121
8.53258088
8.58671925
8.64070436
8.69443312
8.74781048
8.80074866
8.85316627
8.90498748
8.95614130
9.00655401
9.05617900
9.10494354
9.15277536
9.19959253
9.24529685
9.28977232
9.33288671
9.37449385
9.41449289
9.45324309
9.49192462
9.53243538
9.57723952
9.62923064
9.69160760
9.76776335
9.86118831
9.97539461
10.11388062
10.28018181
10.47802147
10.71139313
10.98442881
11.30118497
11.66546578
12.08072464
12.55003916
13.07612377
13.66135132
14.30777252
15.01713202
15.79088254
16.63019813
17.53598677
18.50890253
19.54935720
20.65753153
21.83338603
23.07667047
24.38693811
25.76354990
27.20568962
28.71237298
30.28245784
31.91465443
33.60753543
35.35937303
37.16751231
39.02931317
40.94221188
42.90368923
44.91126590
46.96250154
49.05499601
51.18639192
53.35437776
55.55669086
57.79111981
60.05550580
62.34774284
64.66577661
67.00760205
69.37125971
71.75147028
74.10661503
76.38747901
78.56448033
80.61982738
82.54519011
84.33951483
86.00710955
87.55599084
88.99648692
90.34009160
91.59855910
92.78322391
93.90452423
94.97170266
95.99265523
96.97389806
97.92062268
98.83681273
99.72539860
100.58843009
101.42725176
102.24266935
103.03509964
103.80469915
104.55146980
105.27534153
105.97623358
106.65409674
107.30893976
107.94084291
108.54996189
109.13652480
109.70082463
110.24320926
110.76407043
111.26383289
111.74294434
112.20186684
112.64106955
113.06107354
113.46272977
113.84668914
114.21338496
114.56312877
114.89616851
115.21273154
115.51305361
115.79739572
116.06605142
116.31934736
116.55763910
116.78130453
116.99073619
117.18633369
117.36849699
117.53762084
117.69409056
117.83827910
117.97054528
118.09123292
118.20067072
118.29917270
118.38703888
118.46455630
118.53199995
118.58963387
118.63771217
118.67647996
118.70617425
118.72702474
118.73925459
118.74308107
118.73871622
118.72636742
118.70623796
118.67852749
118.64343264
118.60114743
118.55186337
118.49577013
118.43289808
118.36236881
118.28324033
118.19511359
118.09806357
117.99253114
117.87920722
117.75892584
117.63257445
117.50102431
117.36508049
117.22544924
117.08271998
116.93743059
116.79007898
116.64092212
116.49004599
116.33607786
116.16765334
115.96844535
115.72175636
115.41230912
115.02823052
114.56085583
114.00429564
113.35507121
112.61183194
111.77504710
110.84664730
109.82960552
108.72748094
107.54402658
106.28291450
104.94747673
103.54016891
102.06112037
100.50457894
98.85273026
97.07162534
95.11645590
92.94443919
90.53167890
87.88623128
85.04453555
82.05604821
78.97011945
75.82970803
72.66991910
69.51873588
66.39829067
63.32607655
60.31600361
57.37917691
54.52444898
51.75882298
49.08774747
46.51533549
44.04453446
41.67726422
39.41453411
37.25654648
35.20279078
33.25213098
31.40288750
29.65289406
27.99891768
26.43624030
24.95987124
23.56505868
22.24730972
21.00237705
19.82624616
18.71512293
17.66542184
16.67375464
15.73691969
14.85189172
14.01581221
13.22598021
12.47984370
11.77499138
11.10918386
10.48294679
9.89837208
9.35509587
8.85165370
8.38595810
7.95561873
7.55814835
7.19109111
6.85209861
6.53897137
6.24967778
5.98235882
5.73532407
5.50704274
5.29613212
5.10134497
4.92155534
4.75574508
4.60299498
4.46247470
4.33343319
4.21518996
4.10712729
4.00868321
3.91934518
3.83864441
3.76615073
3.70146809
3.64423040
3.59409789
3.55075383
3.51390164
3.48326231
3.45857213
3.43958073
3.42604923
3.41774816
3.41443515
3.41584508
3.42173388
3.43187287
3.44604463
3.46404055
3.48565921
3.51070512
3.53898787
3.57032160
3.60452454
3.64141876
3.68083005
3.72258779
3.76652498
3.81247823
3.86028782
3.90979780
3.96085603
4.01331432
4.06702851
4.12185858
4.17766885
4.23432793
4.29170875
4.34968866
4.40814946
4.46697746
4.52606353
4.58530309
4.64459617
4.70384737
4.76296586
4.82186540
4.88046428
4.93868530
4.99645576
5.05370741
5.11037651
5.16640371
5.22173395
5.27631642
5.33010449
5.38305568
5.43513156
5.48629771
5.53652363
5.58578269
5.63405205
5.68131258
5.72754876
5.77274862
5.81690367
5.86000876
5.90206201
5.94306473
5.98302125
6.02193889
6.05982777
6.09670074
6.13257321
6.16746304
6.20138979
6.23437601
6.26644638
6.29762705
6.32795016
6.35743724
6.38612234
6.41403722
6.44121460
6.46768784
6.49349087
6.51865801
6.54322378
6.56722271
6.59068918
6.61365720
6.63616032
6.65823135
6.67990233
6.70120426
6.72216704
6.74281931
6.76318831
6.78329978
6.80317787
6.82284504
6.84232196
6.86162747
6.88077851
6.89979012
6.91867531
6.93744513
6.95610860
6.97467282
6.99314290
7.01152207
7.02981173
7.04801146
7.06611914
7.08413101
7.10204178
7.11984468
7.13753161
7.15509319
7.17251893
7.18979726
7.20691573
7.22386106
7.24061932
7.25717660
7.27352061
7.28964283
7.30554106
7.32122196
7.33670360
7.35201771
7.36721168
7.38235008
7.39751572
7.41280981
7.42835152
7.44427694
7.46073713
7.47789557
7.49592483
7.51500270
7.53530782
7.55701500
7.58028982
7.60528215
7.63212295
7.66092035
7.69175620
7.72468347
7.75972470
7.79687146
7.83608478
7.87729676
7.92041301
7.96531585
8.01186825
8.05991807
8.10930280
8.15985381
8.21140030
8.26377285
8.31680636
8.37034234
8.42423054
8.47833002
8.53250959
8.58664786
8.64063287
8.69436151
8.74773876
8.80067682
8.85309430
8.90491538
8.95606906
9.00648162
9.05610646
9.10487085
9.15270251
9.19951951
9.24522365
9.28969894
9.33281314
9.37442007
9.41441889
9.45316887
9.49185016
9.53236066
9.57716452
9.62915532
9.69153193
9.76768727
9.86111178
9.97531755
10.11380297
10.28010349
10.47794244
10.71131333
10.98434819
11.30110343
11.66538324
12.08064097
12.54995421
13.07603738
13.66126334
14.30768277
15.01704031
15.79078870
16.63010197
17.53588812
18.50880119
19.54925300
20.65742428
21.83327556
23.07655659
24.38682064
25.76342867
27.20556445
28.71224370
30.28232429
31.91451644
33.60739285
35.35922562
37.16735985
39.02915546
40.94204873
42.90352049
44.91109143
46.96232121
49.05480970
51.18619953
53.35417920
55.55648605
57.79090868
60.05528828
62.34751887
64.66554614
67.00736504
69.37101612
71.75121861
74.10634959
76.38719735
78.56418149
80.61951153
82.54485821
84.33916828
86.00675000
87.55562000
88.99610644
90.33970300
91.59816366
92.78282273
93.90411816
94.97129234
95.99224110
96.97348042
97.92020166
98.83638839
99.72497091
100.58799896
101.42681707
102.24223096
103.03465740
103.80425292
104.55101945
105.27488693
105.97577461
106.65363332
107.30847179
107.94037033
108.54948463
109.13604279
109.70033783
110.24271762
110.76357392
111.26333145
111.74243796
112.20135548
112.64055318
113.06055211
113.46220308
113.84615716
114.21284769
114.56258626
114.89562079
115.21217869
115.51249567
115.79683273
116.06548342
116.31877435
116.55706110
116.78072154
116.99014821
117.18574071
117.36789901
117.53701785
117.69348257
117.83766611
117.96992730
118.09060995
118.20004279
118.29853982
118.38640108
118.46391360
118.53135237
118.58898144
118.63705493
118.67581794
118.70550749
118.72635327
118.73857845
118.74240030
118.73803086
118.72567752
118.70554356
118.67782864
118.64272937
118.60043980
118.55115142
118.49505392
118.43217764
118.36164414
118.28251147
118.19438056
118.09732643
117.99178996
117.87846207
117.75817680
117.63182161
117.50026776
117.36432032
117.22468553
117.08195283
116.93665966
116.78930407
116.64014329
116.48926344
116.33529075
116.16685858
115.96763981
115.72093683
115.41147313
115.02737638
114.55998257
114.00340285
113.35415894
112.61090059
111.77409733
110.84567997
109.82862164
108.72648163
107.54301305
106.28188797
104.94643841
103.53911970
102.06006038
100.50350633
98.85163986
97.07050892
95.11530465
92.94324725
90.53044698
87.88496757
85.04325258
82.05475910
78.96883577
75.82843913
72.66867223
69.51751655
66.39710302
63.32492365
60.31488770
57.37809961
54.52341138
51.75782573
49.08679089
46.51441958
44.04365897
41.67642868
39.41373785
37.25578867
35.20207046
33.25144707
31.40223882
29.65227933
27.99833530
26.43568852
24.95934837
23.56456313
22.24683998
21.00193170
19.82582385
18.71472239
17.66504186
16.67339409
15.73657750
14.85156688
14.01550375
13.22568723
12.47956534
11.77472684
11.10893240
10.48270890
9.89814806
9.35488540
8.85145620
8.38577281
7.95544485
7.55798506
7.19093762
6.85195417
6.53883528
6.24954941
5.98223759
5.73520945
5.50693425
5.29602933
5.10124749
4.92146281
4.75565717
4.60291140
4.46239520
4.33335752
4.21511789
4.10705862
4.00861776
3.91928277
3.83858487
3.76609393
3.70141389
3.64417866
3.59404849
3.55070666
3.51385659
3.48321928
3.45853102
3.43954144
3.42601169
3.41771227
3.41440081
3.41581218
3.42170233
3.43184259
3.44601553
3.46401256
3.48563225
3.51067912
3.53896276
3.57029732
3.60450101
3.64139593
3.68080784
3.72256616
3.76650387
3.81245758
3.86026758
3.90977791
3.96083645
4.01329501
4.06700941
4.12183965
4.17765005
4.23430922
4.29169009
4.34967002
4.40813079
4.46695874
4.52604472
4.58528417
4.64457711
4.70382813
4.76294644
4.82184576
4.88044440
4.93866517
4.99643535
5.05368670
5.11035550
5.16638238
5.22171229
5.27629442
5.33008214
5.38303297
5.43510848
5.48627425
5.53649979
5.58575847
5.63402745
5.68128758
5.72752337
5.77272285
5.81687751
5.85998222
5.90203509
5.94303742
5.98299357
6.02191084
6.05979936
6.09667197
6.13254409
6.16743358
6.20136000
6.23434589
6.26641595
6.29759630
6.32791911
6.35740591
6.38609072
6.41400534
6.44118245
6.46765544
6.49345824
6.51862515
6.54319070
6.56718943
6.59065570
6.61362354
6.63612647
6.65819734
6.67986816
6.70116994
6.72213258
6.74278472
6.76315360
6.78326496
6.80314295
6.82281002
6.84228684
6.86159227
6.88074324
6.89975477
6.91863990
6.93740965
6.95607307
