0.00000000
2.00000000
4.00000000
6.00000000
8.00000000
10.00000000
12.00000000
14.00000000
16.00000000
18.00000000
20.00000000
22.00000000
24.00000000
26.00000000
28.00000000
30.00000000
32.00000000
34.00000000
36.00000000
38.00000000
40.00000000
42.00000000
44.00000000
46.00000000
48.00000000
50.00000000
52.00000000
54.00000000
56.00000000
58.00000000
60.00000000
62.00000000
64.00000000
66.00000000
68.00000000
70.00000000
72.00000000
74.00000000
76.00000000
78.00000000
80.00000000
82.00000000
84.00000000
86.00000000
88.00000000
90.00000000
92.00000000
94.00000000
96.00000000
98.00000000
100.00000000
102.00000000
104.00000000
106.00000000
108.00000000
110.00000000
112.00000000
114.00000000
116.00000000
118.00000000
120.00000000
122.00000000
124.00000000
126.00000000
128.00000000
130.00000000
132.00000000
134.00000000
136.00000000
138.00000000
140.00000000
142.00000000
144.00000000
146.00000000
148.00000000
150.00000000
152.00000000
154.00000000
156.00000000
158.00000000
160.00000000
162.00000000
164.00000000
166.00000000
168.00000000
170.00000000
172.00000000
174.00000000
176.00000000
178.00000000
180.00000000
182.00000000
184.00000000
186.00000000
188.00000000
190.00000000
192.00000000
194.00000000
196.00000000
198.00000000
200.00000000
202.00000000
204.00000000
206.00000000
208.00000000
210.00000000
212.00000000
214.00000000
216.00000000
218.00000000
220.00000000
222.00000000
224.00000000
226.00000000
228.00000000
230.00000000
232.00000000
234.00000000
236.00000000
238.00000000
240.00000000
242.00000000
244.00000000
246.00000000
248.00000000
250.00000000
252.00000000
254.00000000
256.00000000
258.00000000
260.00000000
262.00000000
264.00000000
266.00000000
268.00000000
270.00000000
272.00000000
274.00000000
276.00000000
278.00000000
280.00000000
282.00000000
284.00000000
286.00000000
288.00000000
290.00000000
292.00000000
294.00000000
296.00000000
298.00000000
300.00000000
302.00000000
304.00000000
306.00000000
308.00000000
310.00000000
312.00000000
314.00000000
316.00000000
318.00000000
320.00000000
322.00000000
324.00000000
326.00000000
328.00000000
330.00000000
332.00000000
334.00000000
336.00000000
338.00000000
340.00000000
342.00000000
344.00000000
346.00000000
348.00000000
350.00000000
352.00000000
354.00000000
356.00000000
358.00000000
360.00000000
362.00000000
364.00000000
366.00000000
368.00000000
370.00000000
372.00000000
374.00000000
376.00000000
378.00000000
380.00000000
382.00000000
384.00000000
386.00000000
388.00000000
390.00000000
392.00000000
394.00000000
396.00000000
398.00000000
400.00000000
402.00000000
404.00000000
406.00000000
408.00000000
410.00000000
412.00000000
414.00000000
416.00000000
418.00000000
420.00000000
422.00000000
424.00000000
426.00000000
428.00000000
430.00000000
432.00000000
434.00000000
436.00000000
438.00000000
440.00000000
442.00000000
444.00000000
446.00000000
448.00000000
450.00000000
452.00000000
454.00000000
456.00000000
458.00000000
460.00000000
462.00000000
464.00000000
466.00000000
468.00000000
470.00000000
472.00000000
474.00000000
476.00000000
478.00000000
480.00000000
482.00000000
484.00000000
486.00000000
488.00000000
490.00000000
492.00000000
494.00000000
496.00000000
498.00000000
500.00000000
502.00000000
504.00000000
506.00000000
508.00000000
510.00000000
512.00000000
514.00000000
516.00000000
518.00000000
520.00000000
522.00000000
524.00000000
526.00000000
528.00000000
530.00000000
532.00000000
534.00000000
536.00000000
538.00000000
540.00000000
542.00000000
544.00000000
546.00000000
548.00000000
550.00000000
552.00000000
554.00000000
556.00000000
558.00000000
560.00000000
562.00000000
564.00000000
566.00000000
568.00000000
570.00000000
572.00000000
574.00000000
576.00000000
578.00000000
580.00000000
582.00000000
584.00000000
586.00000000
588.00000000
590.00000000
592.00000000
594.00000000
596.00000000
598.00000000
600.00000000
602.00000000
604.00000000
606.00000000
608.00000000
610.00000000
612.00000000
614.00000000
616.00000000
618.00000000
620.00000000
622.00000000
624.00000000
626.00000000
628.00000000
630.00000000
632.00000000
634.00000000
636.00000000
638.00000000
640.00000000
642.00000000
644.00000000
646.00000000
648.00000000
650.00000000
652.00000000
654.00000000
656.00000000
658.00000000
660.00000000
662.00000000
664.00000000
666.00000000
668.00000000
670.00000000
672.00000000
674.00000000
676.00000000
678.00000000
680.00000000
682.00000000
684.00000000
686.00000000
688.00000000
690.00000000
692.00000000
694.00000000
696.00000000
698.00000000
700.00000000
702.00000000
704.00000000
706.00000000
708.00000000
710.00000000
712.00000000
714.00000000
716.00000000
718.00000000
720.00000000
722.00000000
724.00000000
726.00000000
728.00000000
730.00000000
732.00000000
734.00000000
736.00000000
738.00000000
740.00000000
742.00000000
744.00000000
746.00000000
748.00000000
750.00000000
752.00000000
754.00000000
756.00000000
758.00000000
760.00000000
762.00000000
764.00000000
766.00000000
768.00000000
770.00000000
772.00000000
774.00000000
776.00000000
778.00000000
780.00000000
782.00000000
784.00000000
786.00000000
788.00000000
790.00000000
792.00000000
794.00000000
796.00000000
798.00000000
800.00000000
802.00000000
804.00000000
806.00000000
808.00000000
810.00000000
812.00000000
814.00000000
816.00000000
818.00000000
820.00000000
822.00000000
824.00000000
826.00000000
828.00000000
830.00000000
832.00000000
834.00000000
836.00000000
838.00000000
840.00000000
842.00000000
844.00000000
846.00000000
848.00000000
850.00000000
852.00000000
854.00000000
856.00000000
858.00000000
860.00000000
862.00000000
864.00000000
866.00000000
868.00000000
870.00000000
872.00000000
874.00000000
876.00000000
878.00000000
880.00000000
882.00000000
884.00000000
886.00000000
888.00000000
890.00000000
892.00000000
894.00000000
896.00000000
898.00000000
900.00000000
902.00000000
904.00000000
906.00000000
908.00000000
910.00000000
912.00000000
914.00000000
916.00000000
918.00000000
920.00000000
922.00000000
924.00000000
926.00000000
928.00000000
930.00000000
932.00000000
934.00000000
936.00000000
938.00000000
940.00000000
942.00000000
944.00000000
946.00000000
948.00000000
950.00000000
952.00000000
954.00000000
956.00000000
958.00000000
960.00000000
962.00000000
964.00000000
966.00000000
968.00000000
970.00000000
972.00000000
974.00000000
976.00000000
978.00000000
980.00000000
982.00000000
984.00000000
986.00000000
988.00000000
990.00000000
992.00000000
994.00000000
996.00000000
998.00000000
1000.00000000
1002.00000000
1004.00000000
1006.00000000
1008.00000000
1010.00000000
1012.00000000
1014.00000000
1016.00000000
1018.00000000
1020.00000000
1022.00000000
1024.00000000
1026.00000000
1028.00000000
1030.00000000
1032.00000000
1034.00000000
1036.00000000
1038.00000000
1040.00000000
1042.00000000
1044.00000000
1046.00000000
1048.00000000
1050.00000000
1052.00000000
1054.00000000
1056.00000000
1058.00000000
1060.00000000
1062.00000000
1064.00000000
1066.00000000
1068.00000000
1070.00000000
1072.00000000
1074.00000000
1076.00000000
1078.00000000
1080.00000000
1082.00000000
1084.00000000
1086.00000000
1088.00000000
1090.00000000
1092.00000000
1094.00000000
1096.00000000
1098.00000000
1100.00000000
1102.00000000
1104.00000000
1106.00000000
1108.00000000
1110.00000000
1112.00000000
1114.00000000
1116.00000000
1118.00000000
1120.00000000
1122.00000000
1124.00000000
1126.00000000
1128.00000000
1130.00000000
1132.00000000
1134.00000000
1136.00000000
1138.00000000
1140.00000000
1142.00000000
1144.00000000
1146.00000000
1148.00000000
1150.00000000
1152.00000000
1154.00000000
1156.00000000
1158.00000000
1160.00000000
1162.00000000
1164.00000000
1166.00000000
1168.00000000
1170.00000000
1172.00000000
1174.00000000
1176.00000000
1178.00000000
1180.00000000
1182.00000000
1184.00000000
1186.00000000
1188.00000000
1190.00000000
1192.00000000
1194.00000000
1196.00000000
1198.00000000
1200.00000000
1202.00000000
1204.00000000
1206.00000000
1208.00000000
1210.00000000
1212.00000000
1214.00000000
1216.00000000
1218.00000000
1220.00000000
1222.00000000
1224.00000000
1226.00000000
1228.00000000
1230.00000000
1232.00000000
1234.00000000
1236.00000000
1238.00000000
1240.00000000
1242.00000000
1244.00000000
1246.00000000
1248.00000000
1250.00000000
1252.00000000
1254.00000000
1256.00000000
1258.00000000
1260.00000000
1262.00000000
1264.00000000
1266.00000000
1268.00000000
1270.00000000
1272.00000000
1274.00000000
1276.00000000
1278.00000000
1280.00000000
1282.00000000
1284.00000000
1286.00000000
1288.00000000
1290.00000000
1292.00000000
1294.00000000
1296.00000000
1298.00000000
1300.00000000
1302.00000000
1304.00000000
1306.00000000
1308.00000000
1310.00000000
1312.00000000
1314.00000000
1316.00000000
1318.00000000
1320.00000000
1322.00000000
1324.00000000
1326.00000000
1328.00000000
1330.00000000
1332.00000000
1334.00000000
1336.00000000
1338.00000000
1340.00000000
1342.00000000
1344.00000000
1346.00000000
1348.00000000
1350.00000000
1352.00000000
1354.00000000
1356.00000000
1358.00000000
1360.00000000
1362.00000000
1364.00000000
1366.00000000
1368.00000000
1370.00000000
1372.00000000
1374.00000000
1376.00000000
1378.00000000
1380.00000000
1382.00000000
1384.00000000
1386.00000000
1388.00000000
1390.00000000
1392.00000000
1394.00000000
1396.00000000
1398.00000000
1400.00000000
1402.00000000
1404.00000000
1406.00000000
1408.00000000
1410.00000000
1412.00000000
1414.00000000
1416.00000000
1418.00000000
1420.00000000
1422.00000000
1424.00000000
1426.00000000
1428.00000000
1430.00000000
1432.00000000
1434.00000000
1436.00000000
1438.00000000
1440.00000000
1442.00000000
1444.00000000
1446.00000000
1448.00000000
1450.00000000
1452.00000000
1454.00000000
1456.00000000
1458.00000000
1460.00000000
1462.00000000
1464.00000000
1466.00000000
1468.00000000
1470.00000000
1472.00000000
1474.00000000
1476.00000000
1478.00000000
1480.00000000
1482.00000000
1484.00000000
1486.00000000
1488.00000000
1490.00000000
1492.00000000
1494.00000000
1496.00000000
1498.00000000
1500.00000000
1502.00000000
1504.00000000
1506.00000000
1508.00000000
1510.00000000
1512.00000000
1514.00000000
1516.00000000
1518.00000000
1520.00000000
1522.00000000
1524.00000000
1526.00000000
1528.00000000
1530.00000000
1532.00000000
1534.00000000
1536.00000000
1538.00000000
1540.00000000
1542.00000000
1544.00000000
1546.00000000
1548.00000000
1550.00000000
1552.00000000
1554.00000000
1556.00000000
1558.00000000
1560.00000000
1562.00000000
1564.00000000
1566.00000000
1568.00000000
1570.00000000
1572.00000000
1574.00000000
1576.00000000
1578.00000000
1580.00000000
1582.00000000
1584.00000000
1586.00000000
1588.00000000
1590.00000000
1592.00000000
1594.00000000
1596.00000000
1598.00000000
1600.00000000
1602.00000000
1604.00000000
1606.00000000
1608.00000000
1610.00000000
1612.00000000
1614.00000000
1616.00000000
1618.00000000
1620.00000000
1622.00000000
1624.00000000
1626.00000000
1628.00000000
1630.00000000
1632.00000000
1634.00000000
1636.00000000
1638.00000000
1640.00000000
1642.00000000
1644.00000000
1646.00000000
1648.00000000
1650.00000000
1652.00000000
1654.00000000
1656.00000000
1658.00000000
1660.00000000
1662.00000000
1664.00000000
1666.00000000
1668.00000000
1670.00000000
1672.00000000
1674.00000000
1676.00000000
1678.00000000
1680.00000000
1682.00000000
1684.00000000
1686.00000000
1688.00000000
1690.00000000
1692.00000000
1694.00000000
1696.00000000
1698.00000000
1700.00000000
1702.00000000
1704.00000000
1706.00000000
1708.00000000
1710.00000000
1712.00000000
1714.00000000
1716.00000000
1718.00000000
1720.00000000
1722.00000000
1724.00000000
1726.00000000
1728.00000000
1730.00000000
1732.00000000
1734.00000000
1736.00000000
1738.00000000
1740.00000000
1742.00000000
1744.00000000
1746.00000000
1748.00000000
1750.00000000
1752.00000000
1754.00000000
1756.00000000
1758.00000000
1760.00000000
1762.00000000
1764.00000000
1766.00000000
1768.00000000
1770.00000000
1772.00000000
1774.00000000
1776.00000000
1778.00000000
1780.00000000
1782.00000000
1784.00000000
1786.00000000
1788.00000000
1790.00000000
1792.00000000
1794.00000000
1796.00000000
1798.00000000
1800.00000000
1802.00000000
1804.00000000
1806.00000000
1808.00000000
1810.00000000
1812.00000000
1814.00000000
1816.00000000
1818.00000000
1820.00000000
1822.00000000
1824.00000000
1826.00000000
1828.00000000
1830.00000000
1832.00000000
1834.00000000
1836.00000000
1838.00000000
1840.00000000
1842.00000000
1844.00000000
1846.00000000
1848.00000000
1850.00000000
1852.00000000
1854.00000000
1856.00000000
1858.00000000
1860.00000000
1862.00000000
1864.00000000
1866.00000000
1868.00000000
1870.00000000
1872.00000000
1874.00000000
1876.00000000
1878.00000000
1880.00000000
1882.00000000
1884.00000000
1886.00000000
1888.00000000
1890.00000000
1892.00000000
1894.00000000
1896.00000000
1898.00000000
1900.00000000
1902.00000000
1904.00000000
1906.00000000
1908.00000000
1910.00000000
1912.00000000
1914.00000000
1916.00000000
1918.00000000
1920.00000000
1922.00000000
1924.00000000
1926.00000000
1928.00000000
1930.00000000
1932.00000000
1934.00000000
1936.00000000
1938.00000000
1940.00000000
1942.00000000
1944.00000000
1946.00000000
1948.00000000
1950.00000000
1952.00000000
1954.00000000
1956.00000000
1958.00000000
1960.00000000
1962.00000000
1964.00000000
1966.00000000
1968.00000000
1970.00000000
1972.00000000
1974.00000000
1976.00000000
1978.00000000
1980.00000000
1982.00000000
1984.00000000
1986.00000000
1988.00000000
1990.00000000
1992.00000000
1994.00000000
1996.00000000
1998.00000000
2000.00000000
2002.00000000
2004.00000000
2006.00000000
2008.00000000
2010.00000000
2012.00000000
2014.00000000
2016.00000000
2018.00000000
2020.00000000
2022.00000000
2024.00000000
2026.00000000
2028.00000000
2030.00000000
2032.00000000
2034.00000000
2036.00000000
2038.00000000
2040.00000000
2042.00000000
2044.00000000
2046.00000000
2048.00000000
2050.00000000
2052.00000000
2054.00000000
2056.00000000
2058.00000000
2060.00000000
2062.00000000
2064.00000000
2066.00000000
2068.00000000
2070.00000000
2072.00000000
2074.00000000
2076.00000000
2078.00000000
2080.00000000
2082.00000000
2084.00000000
2086.00000000
2088.00000000
2090.00000000
2092.00000000
2094.00000000
2096.00000000
2098.00000000
2100.00000000
2102.00000000
2104.00000000
2106.00000000
2108.00000000
2110.00000000
2112.00000000
2114.00000000
2116.00000000
2118.00000000
2120.00000000
2122.00000000
2124.00000000
2126.00000000
2128.00000000
2130.00000000
2132.00000000
2134.00000000
2136.00000000
2138.00000000
2140.00000000
2142.00000000
2144.00000000
2146.00000000
2148.00000000
2150.00000000
2152.00000000
2154.00000000
2156.00000000
2158.00000000
2160.00000000
2162.00000000
2164.00000000
2166.00000000
2168.00000000
2170.00000000
2172.00000000
2174.00000000
2176.00000000
2178.00000000
2180.00000000
2182.00000000
2184.00000000
2186.00000000
2188.00000000
2190.00000000
2192.00000000
2194.00000000
2196.00000000
2198.00000000
2200.00000000
2202.00000000
2204.00000000
2206.00000000
2208.00000000
2210.00000000
2212.00000000
2214.00000000
2216.00000000
2218.00000000
2220.00000000
2222.00000000
2224.00000000
2226.00000000
2228.00000000
2230.00000000
2232.00000000
2234.00000000
2236.00000000
2238.00000000
2240.00000000
2242.00000000
2244.00000000
2246.00000000
2248.00000000
2250.00000000
2252.00000000
2254.00000000
2256.00000000
2258.00000000
2260.00000000
2262.00000000
2264.00000000
2266.00000000
2268.00000000
2270.00000000
2272.00000000
2274.00000000
2276.00000000
2278.00000000
2280.00000000
2282.00000000
2284.00000000
2286.00000000
2288.00000000
2290.00000000
2292.00000000
2294.00000000
2296.00000000
2298.00000000
2300.00000000
2302.00000000
2304.00000000
2306.00000000
2308.00000000
2310.00000000
2312.00000000
2314.00000000
2316.00000000
2318.00000000
2320.00000000
2322.00000000
2324.00000000
2326.00000000
2328.00000000
2330.00000000
2332.00000000
2334.00000000
2336.00000000
2338.00000000
2340.00000000
2342.00000000
2344.00000000
2346.00000000
2348.00000000
2350.00000000
2352.00000000
2354.00000000
2356.00000000
2358.00000000
2360.00000000
2362.00000000
2364.00000000
2366.00000000
2368.00000000
2370.00000000
2372.00000000
2374.00000000
2376.00000000
2378.00000000
2380.00000000
2382.00000000
2384.00000000
2386.00000000
2388.00000000
2390.00000000
2392.00000000
2394.00000000
2396.00000000
2398.00000000
2400.00000000
2402.00000000
2404.00000000
2406.00000000
2408.00000000
2410.00000000
2412.00000000
2414.00000000
2416.00000000
2418.00000000
2420.00000000
2422.00000000
2424.00000000
2426.00000000
2428.00000000
2430.00000000
2432.00000000
2434.00000000
2436.00000000
2438.00000000
2440.00000000
2442.00000000
2444.00000000
2446.00000000
2448.00000000
2450.00000000
2452.00000000
2454.00000000
2456.00000000
2458.00000000
2460.00000000
2462.00000000
2464.00000000
2466.00000000
2468.00000000
2470.00000000
2472.00000000
2474.00000000
2476.00000000
2478.00000000
2480.00000000
2482.00000000
2484.00000000
2486.00000000
2488.00000000
2490.00000000
2492.00000000
2494.00000000
2496.00000000
2498.00000000
2500.00000000
2502.00000000
2504.00000000
2506.00000000
2508.00000000
2510.00000000
2512.00000000
2514.00000000
2516.00000000
2518.00000000
2520.00000000
2522.00000000
2524.00000000
2526.00000000
2528.00000000
2530.00000000
2532.00000000
2534.00000000
2536.00000000
2538.00000000
2540.00000000
2542.00000000
2544.00000000
2546.00000000
2548.00000000
2550.00000000
