34.94718228
35.02883740
35.10359452
35.17158828
35.23297576
35.28793524
35.33666488
35.37938121
35.41631773
35.44772333
35.47386075
35.49500499
35.51144171
35.52346560
35.53137879
35.53548928
35.53610905
35.53354740
35.52809149
35.51997764
35.50935837
35.49626814
35.48059030
35.46202736
35.44007600
35.41400859
35.38286147
35.34543383
35.30029593
35.24580601
35.18013786
35.10131803
35.00727189
34.89587741
34.76502498
34.61268273
34.43696549
34.23621206
34.00903689
33.75437946
33.47154713
33.16024541
32.82059452
32.45313125
32.05879624
31.63890698
31.19511839
30.72937278
30.24384220
29.74087736
29.22295711
28.69258836
28.15224622
27.60432569
27.05110220
26.49470226
25.93708425
25.38002851
24.82513584
24.27383267
23.72738143
23.18689437
22.65334951
22.12760714
21.61042623
21.10247964
20.60436807
20.11663215
19.63976318
19.17423394
18.72059997
18.27958799
17.85214288
17.43944314
17.04288922
16.66407135
16.30472432
15.96667595
15.65179615
15.36195182
15.09896842
14.86459783
14.66049106
14.48817249
14.34900618
14.24412600
14.17424605
14.13919708
14.13717684
14.16456182
14.21687753
14.28995419
14.38056934
14.48654958
14.60654350
14.73972525
14.88556147
15.04366240
15.21369691
15.39534786
15.58829074
15.79218474
16.00667022
16.23136923
16.46588730
16.70981569
16.96273365
17.22421014
17.49380576
17.77107434
18.05556441
18.34682041
18.64438383
18.94779423
19.25659008
19.57030972
19.88849264
20.21068090
20.53642033
20.86526171
21.19676181
21.53048440
21.86600120
22.20289276
22.54074927
22.87917129
23.21777052
23.55617037
23.89400666
24.23092810
24.56659687
24.90068909
25.23289525
25.56292097
25.89048789
26.21533437
26.53721596
26.85590576
27.17119466
27.48289139
27.79082255
28.09483246
28.39478302
28.69055341
28.98203247
29.26911676
29.55172398
29.82979106
30.10327324
30.37214329
30.63639084
30.89602154
31.15105632
31.40153054
31.64749323
31.88900620
32.12614326
32.35898932
32.58763960
32.81219873
33.03277992
33.24950409
33.46249903
33.67189855
33.87784160
34.08047149
34.27993501
34.47638162
34.66996267
34.86083059
35.04913810
35.23503748
35.41867983
35.60021424
35.77978699
35.95754080
36.13361412
36.30814051
36.48124805
36.65305879
36.82368825
36.99324499
37.16183023
37.32953751
37.49645239
37.66265218
37.82820580
37.99317356
38.15760708
38.32154921
38.48503399
38.64808668
38.81072377
38.97295305
39.13477377
39.29617674
39.45714452
39.61765163
39.77766476
39.93714306
40.09603840
40.25429568
40.41185316
40.56864282
40.72459070
40.87961733
41.03363807
41.18656359
41.33830023
41.48875048
41.63781343
41.78538518
41.93135933
42.07562747
42.21807959
42.35860456
42.49709058
42.63342557
42.76749751
42.89919473
43.02840617
43.15502158
43.27893162
43.40002796
43.51820340
43.63335178
43.74536814
43.85414862
43.95959053
44.06159244
44.16005419
44.25487711
44.34596418
44.43322034
44.51655297
44.59587376
44.67110088
44.74215861
44.80897977
44.87150860
44.92970351
44.98353937
45.03300896
45.07812341
45.11891199
45.15542132
45.18771435
45.21586919
45.23997783
45.26014493
45.27648656
45.28912895
45.29820742
45.30386514
45.30625215
45.30552425
45.30184219
45.29537072
45.28627766
45.27473292
45.26090767
45.24497351
45.22710168
45.20746239
45.18622412
45.16355300
45.13961231
45.11456186
45.08855764
45.06175132
45.03428988
45.00631535
44.97796443
44.94936831
44.92065242
44.89193630
44.86333343
44.83495113
44.80689052
44.77924644
44.75210747
44.72555592
44.69966788
44.67451327
44.65015594
44.62665374
44.60405867
44.58241697
44.56176932
44.54215096
44.52359187
44.50611694
44.48974620
44.47449496
44.45886498
44.43930241
44.41278046
44.37659902
44.32838267
44.26607656
44.18793836
44.09252774
43.97869383
43.84556120
43.69251464
43.51918324
43.32542374
43.11130340
42.87708250
42.62319652
42.35023832
42.05894036
41.75015706
41.42484761
41.08405916
40.72891081
40.36057817
39.98027896
39.58925943
39.18878185
38.78011308
38.36451419
37.94323129
37.51748736
37.08847524
36.65735170
36.22523245
35.79318823
35.36223845
34.93331506
34.50727814
34.08499290
33.66740759
33.25542386
32.84988642
32.45158546
32.06125695
31.67958320
31.30719389
30.94466731
30.59253191
30.25126797
29.92130948
29.60304608
29.29682513
29.00295379
28.72170108
28.45329999
28.19794950
27.95581661
27.72703823
27.51172303
27.30995317
27.12178596
26.94725538
26.78637350
26.63913180
26.50550228
26.38543864
26.27887711
26.18573737
26.10592321
26.03932321
25.98581120
25.94524672
25.91747535
25.90232895
25.89962587
25.90917106
25.93075612
25.96415933
26.00914563
26.06546657
26.13286023
26.21105112
26.29975012
26.39865437
26.50744723
26.62579821
26.75336295
26.88978329
27.03468731
27.18768947
27.34839081
27.51637925
27.69122989
27.87250548
28.05975693
28.25252394
28.45033571
28.65271176
28.85916286
29.06919204
29.28229573
29.49796499
29.71568686
29.93494576
30.15522499
30.37600841
30.59678202
30.81703573
31.03625986
31.25393355
31.46954958
31.68261912
31.89267225
32.09925915
32.30195130
32.50034260
32.69405044
32.88271668
33.06600858
33.24361967
33.41527040
33.58070888
33.73971133
33.89208254
34.03765617
34.17629488
34.30789042
34.43236356
34.54966381
34.65976914
34.76268557
34.85844672
34.94711294
35.02877032
35.10352973
35.17152576
35.23291551
35.28787725
35.33660911
35.37932762
35.41626626
35.44767392
35.47381334
35.49495950
35.51139804
35.52342367
35.53133851
35.53545053
35.53607173
35.53351139
35.52805668
35.51994391
35.50932559
35.49623619
35.48055906
35.46199670
35.44004580
35.41397872
35.38283181
35.34540427
35.30026635
35.24577631
35.18010793
35.10128777
35.00724122
34.89584626
34.76499328
34.61265043
34.43693254
34.23617845
34.00900259
33.75434446
33.47151144
33.16020906
32.82055752
32.45309366
32.05875808
31.63886830
31.19507924
30.72933323
30.24380230
29.74083716
29.22291667
28.69254774
28.15220547
27.60428486
27.05106134
26.49466143
25.93704348
25.37998785
24.82509534
24.27379235
23.72734134
23.18685455
22.65330998
22.12756794
21.61038739
21.10244120
20.60433005
20.11659458
19.63972609
19.17419736
18.72056394
18.27955255
17.85210807
17.43940902
17.04285584
16.66403877
16.30469260
15.96664514
15.65176631
15.36192300
15.09894066
14.86457115
14.66046550
14.48814805
14.34898287
14.24410381
14.17422494
14.13917698
14.13715763
14.16454336
14.21685966
14.28993680
14.38055234
14.48653289
14.60652708
14.73970905
14.88554544
15.04364651
15.21368110
15.39533208
15.58827496
15.79216889
16.00665427
16.23135313
16.46587099
16.70979913
16.96271679
17.22419294
17.49378816
17.77105631
18.05554589
18.34680137
18.64436423
18.94777401
19.25656922
19.57028818
19.88847038
20.21065789
20.53639654
20.86523711
21.19673636
21.53045808
21.86597399
22.20286463
22.54072020
22.87914127
23.21773952
23.55613839
23.89397367
24.23089409
24.56656184
24.90065302
25.23285814
25.56288281
25.89044868
26.21529410
26.53717463
26.85586336
27.17115119
27.48284686
27.79077696
28.09478581
28.39473530
28.69050464
28.98198263
29.26906586
29.55167203
29.82973806
30.10321918
30.37208818
30.63633468
30.89596433
31.15099805
31.40147123
31.64743287
31.88894480
32.12608080
32.35892582
32.58757505
32.81213312
33.03271325
33.24943636
33.46243023
33.67182868
33.87777065
34.08039945
34.27986188
34.47630738
34.66988732
34.86075411
35.04906048
35.23495871
35.41859990
35.60013314
35.77970470
35.95745731
36.13352941
36.30805457
36.48116087
36.65297034
36.82359853
36.99315398
37.16173792
37.32944388
37.49635742
37.66255588
37.82810814
37.99307453
38.15750667
38.32144741
38.48493079
38.64798208
38.81061774
38.97284560
39.13466489
39.29606643
39.45703278
39.61753845
39.77755014
39.93702701
40.09592091
40.25417675
40.41173280
40.56852104
40.72446751
40.87949273
41.03351208
41.18643621
41.33817148
41.48862038
41.63768199
41.78525242
41.93122528
42.07549214
42.21794299
42.35846673
42.49695154
42.63328535
42.76735613
42.89905222
43.02826256
43.15487690
43.27878589
43.39988123
43.51805569
43.63320313
43.74521857
43.85399817
43.95943924
44.06144034
44.15990132
44.25472350
44.34580986
44.43306535
44.51639735
44.59571753
44.67094408
44.74200127
44.80882193
44.87135028
44.92954474
44.98338020
45.03284941
45.07796352
45.11875178
45.15526083
45.18755360
45.21570822
45.23981666
45.25998360
45.27632508
45.28896736
45.29804573
45.30370338
45.30609034
45.30536241
45.30168033
45.29520886
45.28611582
45.27457111
45.26074590
45.24481179
45.22694001
45.20730079
45.18606258
45.16339153
45.13945091
45.11440054
45.08839639
45.06159014
45.03412877
45.00615430
44.97780344
44.94920737
44.92049153
44.89177545
44.86317261
44.83479033
44.80672974
44.77908566
44.75194669
44.72539512
44.69950705
44.67435240
44.64999502
44.62649276
44.60389762
44.58225584
44.56160809
44.54198963
44.52343041
44.50595536
44.48958448
44.47433310
44.45870284
44.43913984
44.41261734
44.37643528
44.32821828
44.26591151
44.18777267
44.09236146
43.97852702
43.84539394
43.69234704
43.51901541
43.32525579
43.11113546
42.87691469
42.62302897
42.35007116
42.05877371
41.74999104
41.42468233
41.08389473
40.72874732
40.36041572
39.98011763
39.58909929
39.18862296
38.77995548
38.36435793
37.94307640
37.51733386
37.08832315
36.65720101
36.22508317
35.79304034
35.36209193
34.93316988
34.50713424
34.08485029
33.66726627
33.25528383
32.84974769
32.45144802
32.06112079
31.67944831
31.30706025
30.94453491
30.59240072
30.25113796
29.92118062
29.60291834
29.29669848
29.00282819
28.72157650
28.45317639
28.19782684
27.95569485
27.72691732
27.51160293
27.30983384
27.12166736
26.94713746
26.78625622
26.63901510
26.50538614
26.38532299
26.27876192
26.18562258
26.10580879
26.03920910
25.98569737
25.94513311
25.91736192
25.90221566
25.89951267
25.90905791
25.93064297
25.96404614
26.00903237
26.06535320
26.13274669
26.21093739
26.29963616
26.39854014
26.50733270
26.62568335
26.75324773
26.88966768
27.03457128
27.18757299
27.34827387
27.51626182
27.69111195
27.87238702
28.05963793
28.25240440
28.45021562
28.65259111
28.85904165
29.06907027
29.28217340
29.49784211
29.71556344
29.93482180
30.15510051
30.37588343
30.59665655
30.81690980
31.03613349
31.25380675
31.46942237
31.68249154
31.89254433
32.09913091
32.30182279
32.50021384
32.69392146
32.88258752
33.06587929
33.24349028
33.41514095
33.58057940
33.73958186
33.89195312
34.03752683
34.17616565
34.30776135
34.43223466
34.54953511
34.65964067
34.76255734
34.85831877
34.94698527
35.02864295
35.10340274
35.17139922
35.23278947
35.28775175
35.33648418
35.37920331
35.41614259
35.44755091
35.47369100
35.49483783
35.51127705
35.52330335
35.53121884
35.53533150
35.53595331
35.53339356
35.52793939
35.51982713
35.50920928
35.49612030
35.48044354
35.46188151
35.43993088
35.41386403
35.38271730
35.34528988
35.30015205
35.24566205
35.17999368
35.10117350
35.00712690
34.89573188
34.76487882
34.61253589
34.43681794
34.23606380
34.00888792
33.75422982
33.47139687
33.16009460
32.82044322
32.45297956
32.05864425
31.63875479
31.19496611
30.72922052
30.24369007
29.74072545
29.22280553
28.69243722
28.15209561
27.60417571
27.05095294
26.49455383
25.93693674
25.37988201
24.82499045
24.27368848
23.72723852
23.18675285
22.65320945
22.12746864
21.61028937
21.10234451
20.60423476
20.11650075
19.63963377
19.17410661
18.72047485
18.27946520
17.85202257
17.43932549
17.04277442
16.66395959
16.30461580
15.96657086
15.65169468
15.36185412
15.09887464
14.86450807
14.66040541
14.48809100
14.34892886
14.24405280
14.17417687
14.13913170
14.13711488
14.16450282
14.21682103
14.28989980
14.38051676
14.48649858
14.60649391
14.73967689
14.88551419
15.04361604
15.21365130
15.39530285
15.58824616
15.79214042
16.00662600
16.23132495
16.46584278
16.70977077
16.96268817
17.22416395
17.49375871
17.77102628
18.05551518
18.34676988
18.64433187
18.94774071
19.25653487
19.57025271
19.88843371
20.21061995
20.53635726
20.86519643
21.19669422
21.53041443
21.86592877
22.20281781
22.54067174
22.87909112
23.21768766
23.55608479
23.89391831
24.23083696
24.56650292
24.90059230
25.23279562
25.56281849
25.89038257
26.21522620
26.53710495
26.85579193
27.17107802
27.48277197
27.79070037
28.09470756
28.39465542
28.69042315
28.98189958
29.26898127
29.55158594
29.82965050
30.10313020
30.37199782
30.63624298
30.89587133
31.15090381
31.40137578
31.64733627
31.88884708
32.12598203
32.35882603
32.58747429
32.81203145
33.03261071
33.24933300
33.46232610
33.67172381
33.87766510
34.08029327
34.27975510
34.47620005
34.66977948
34.86064581
35.04895175
35.23484960
35.41849044
35.60002338
35.77959467
35.95734704
36.13341894
36.30794394
36.48105011
36.65285949
36.82348761
36.99304303
37.16162698
37.32933298
37.49624658
37.66244513
37.82799751
37.99296405
38.15739637
38.32133732
38.48482094
38.64787248
38.81050843
38.97273659
39.13455621
39.29595810
39.45692483
39.61743089
39.77744301
39.93692031
40.09581467
40.25407099
40.41162753
40.56841628
40.72436327
40.87938904
41.03340894
41.18633364
41.33806950
41.48851899
41.63758120
41.78515224
41.93112572
42.07539320
42.21784469
42.35836907
42.49685453
42.63318898
42.76726041
42.89895715
43.02816814
43.15478313
43.27869277
43.39978875
43.51796384
43.63311192
43.74512799
43.85390821
43.95934989
44.06135158
44.15981314
44.25463590
44.34572282
44.43297886
44.51631139
44.59563208
44.67085912
44.74191678
44.80873788
44.87126665
44.92946151
44.98329734
45.03276690
45.07788134
45.11866991
45.15517923
45.18747227
45.21562711
45.23973577
45.25990289
45.27624454
45.28888696
45.29796545
45.30362320
45.30601024
45.30528237
45.30160032
45.29512887
45.28603583
45.27449110
45.26066585
45.24473168
45.22685983
45.20722052
45.18598220
45.16331104
45.13937028
45.11431976
45.08831545
45.06150903
45.03404748
45.00607281
44.97772175
44.94912546
44.92040940
44.89169309
44.86309001
44.83470749
44.80664665
44.77900232
44.75186309
44.72531126
44.69942293
44.67426801
44.64991036
44.62640784
44.60381242
44.58217037
44.56152236
44.54190363
44.52334415
44.50586884
44.48949770
44.47424606
44.45861481
44.43904975
44.41252431
44.37633854
44.32811717
44.26580545
44.18766122
44.09224425
43.97840378
43.84526448
43.69221126
43.51887326
43.32510731
43.11098076
42.87675391
42.62286231
42.34989886
42.05859606
41.74980835
41.42449493
41.08370299
40.72855161
40.36021643
39.97991514
39.58889400
39.18841525
38.77974575
38.36414657
37.94286377
37.51712031
37.08810903
36.65698665
36.22486888
35.79282642
35.36187865
34.93295746
34.50692290
34.08464029
33.66705789
33.25507733
32.84954330
32.45124597
32.06092128
31.67925152
31.30686635
30.94434405
30.59221304
30.25095357
29.92099963
29.60274085
29.29652456
29.00265791
28.72140992
28.45301354
28.19766776
27.95553957
27.72676586
27.51145528
27.30969001
27.12152734
26.94700124
26.78612378
26.63888641
26.50526117
26.38520171
26.27864429
26.18550855
26.10569832
26.03910214
25.98559385
25.94503299
25.91726513
25.90212214
25.89942236
25.90897073
25.93055885
25.96396502
26.00895416
26.06527782
26.13267408
26.21086745
26.29956880
26.39847529
26.50727027
26.62562324
26.75318985
26.88961193
27.03451757
27.18752123
27.34822395
27.51621365
27.69106542
27.87234202
28.05959437
28.25236216
28.45017460
28.65255121
28.85900275
29.06903226
29.28213618
29.49780557
29.71552747
29.93478629
30.15506536
30.37584853
30.59662180
30.81687509
31.03609872
31.25377181
31.46938717
31.68245597
31.89250830
32.09909434
32.30178559
32.50017594
32.69388279
32.88254801
33.06583888
33.24344890
33.41509857
33.58053597
33.73953734
33.89190748
34.03748003
34.17611768
34.30771219
34.43218430
34.54948354
34.65958788
34.76250335
34.85826357
34.94692887
