102.04493955
102.15847294
102.27127387
102.38338562
102.49483607
102.60563818
102.71579054
102.82527805
102.93407257
103.04213366
103.14940939
103.25583710
103.36134431
103.46584957
103.56926335
103.67148895
103.77242354
103.87196194
103.97000742
104.06648785
104.16137447
104.25470177
104.34658696
104.43724811
104.52701983
104.61636569
104.70588746
104.79632756
104.88856651
104.98361586
105.08260466
105.18676030
105.29738388
105.41582085
105.54342773
105.68153605
105.83141255
105.99420775
106.17092786
106.36240515
106.56927017
106.79193096
107.03055973
107.28508786
107.55520924
107.84039180
108.13989659
108.45280311
108.77803960
109.11441657
109.46066271
109.81546097
110.17748067
110.54540580
110.91795868
111.29391842
111.67213416
112.05153332
112.43112535
112.81000170
113.18733279
113.56236298
113.93440408
114.30282821
114.66706062
115.02657275
115.38087587
115.72951535
116.07206568
116.40811462
116.73720971
117.05881056
117.37226256
117.67678684
117.97148467
118.25535292
118.52730661
118.78620516
119.03087797
119.26014550
119.47283605
119.66779885
119.84391520
120.00011114
120.13538108
120.24884951
120.33994996
120.40889601
120.45745816
120.48919784
120.50854154
120.51963950
120.52570951
120.52891164
120.53055447
120.53137871
120.53178499
120.53198300
120.53207954
120.53212770
120.53215329
120.53216855
120.53217916
120.53218771
120.53219534
120.53220242
120.53220892
120.53221483
120.53222016
120.53222491
120.53222910
120.53223276
120.53223591
120.53223858
120.53224080
120.53224258
120.53224394
120.53224490
120.53224547
120.53224566
120.53224547
120.53224492
120.53224399
120.53224269
120.53224103
120.53223898
120.53223655
120.53223373
120.53223052
120.53222690
120.53222286
120.53174261
120.52369138
120.49772986
120.44611897
120.36289563
120.24372018
120.08568544
119.88711152
119.64733805
119.36652397
119.04546185
118.68541225
118.28796068
117.85489840
117.38812654
116.88958187
116.36118198
115.80478699
115.22217502
114.61502848
113.98492870
113.33335647
112.66169663
111.97124523
111.26321779
110.53875810
109.79894654
109.04480795
108.27731837
107.49741101
106.70598106
105.90388969
105.09196726
104.27101577
103.44181087
102.60510336
101.76162042
100.91206657
100.05712450
99.19745577
98.33370145
97.46648255
96.59639886
95.72402870
94.84993020
93.97464282
93.09868889
92.22257503
91.34679318
90.47182144
89.59812456
88.72615420
87.85634901
86.98913463
86.12492358
85.26411515
84.40709532
83.55423670
82.70589855
81.86242681
81.02415420
80.19140040
79.36447223
78.54366386
77.72925704
76.92152141
76.12071470
75.32708302
74.54086116
73.76227277
72.99153067
72.22883709
71.47438384
70.72835260
69.99091508
69.26223323
68.54245942
67.83173666
67.13019870
66.43797022
65.75516697
65.08189591
64.41825591
63.76434270
63.12025446
62.48609261
61.86196032
61.24795941
60.64418669
60.05073020
59.46766594
58.89505524
58.33294295
57.78135653
57.24030934
56.70980383
56.18982188
55.68032686
55.18126655
54.69258042
54.21425365
53.74639742
53.28930757
52.84350903
52.40977301
51.98911495
51.58277899
51.19221309
50.81903765
50.46501033
50.13198893
49.82189446
49.53667508
49.27826983
49.04856533
48.84932712
48.68205645
48.54766200
48.44582346
48.37425377
48.32845550
48.30219876
48.28875245
48.28251110
48.27983098
48.27874867
48.27833177
48.27817551
48.27811615
48.27809127
48.27807825
48.27806927
48.27806178
48.27805548
48.27805043
48.27804656
48.27804376
48.27804193
48.27804094
48.27804068
48.27804107
48.27804203
48.27804350
48.27804541
48.27804774
48.27805044
48.27805349
48.27805686
48.27806053
48.27806449
48.27806872
48.27807321
48.27807795
48.27808293
48.27808814
48.27809357
48.27809922
48.27810508
48.27811114
48.27811740
48.27812385
48.27813049
48.27813732
48.27965565
48.28627785
48.30111029
48.32697450
48.36641217
48.42169083
48.49481225
48.58752248
48.70132282
48.83748151
48.99704566
49.18085351
49.38954676
49.62358305
49.88324847
50.16867005
50.47982826
50.81656939
51.17861774
51.56558762
51.97699507
52.41226911
52.87076270
53.35176304
53.85450146
54.37816261
54.92189315
55.48480964
56.06600591
56.66455970
57.27953862
57.91000553
58.55502321
59.21365852
59.88498589
60.56809024
61.26206898
61.96597875
62.67875561
63.39934563
64.12671720
64.85986058
65.59778983
66.33954436
67.08419030
67.83082158
68.57856076
69.32655970
70.07400007
70.82009361
71.56408240
72.30523883
73.04286564
73.77629574
74.50489202
75.22804704
75.94518274
76.65574999
77.35922823
78.05512498
78.74297534
79.42234155
80.09281243
80.75400287
81.40555335
82.04712938
82.67842101
83.29914231
83.90903094
84.50784758
85.09537556
85.67142038
86.23580925
86.78839075
87.32903441
87.85763034
88.37408887
88.87834023
89.37033423
89.85003995
90.31744543
90.77255738
91.21540095
91.64601936
92.06447369
92.47084257
92.86522189
93.24772446
93.61847974
93.97763345
94.32534720
94.66179811
94.98717838
95.30169476
95.60556810
95.89903276
96.18233602
96.45573739
96.71950793
96.97392950
97.21929390
97.45590204
97.68406301
97.90409310
98.11631475
98.32105550
98.51864693
98.70942341
98.89372091
99.07187555
99.24422247
99.41109459
99.57282141
99.72972783
99.88213295
100.03034892
100.17467987
100.31542080
100.45285654
100.58726086
100.71889547
100.84800926
100.97483748
101.09960106
101.22250604
101.34374300
101.46348666
101.58189554
101.69911171
101.81526057
101.93045060
102.04477363
102.15830501
102.27110391
102.38321361
102.49466200
102.60546204
102.71561234
102.82509781
102.93389030
103.04194939
103.14922314
103.25564891
103.36115423
103.46565765
103.56906963
103.67129349
103.77222640
103.87176319
103.96980713
104.06628609
104.16117132
104.25449731
104.34638127
104.43704126
104.52681191
104.61615679
104.70567766
104.79611694
104.88835516
104.98340385
105.08239208
105.18654721
105.29717036
105.41560697
105.54321355
105.68132163
105.83119793
105.99399297
106.17071296
106.36219015
106.56905510
106.79171582
107.03034453
107.28487261
107.55499393
107.84017642
108.13968114
108.45258756
108.77782395
109.11420080
109.46044680
109.81524490
110.17726442
110.54518936
110.91774203
111.29370153
111.67191702
112.05131592
112.43090767
112.80978373
113.18711451
113.56214438
113.93418514
114.30260892
114.66684097
115.02635274
115.38065547
115.72929455
116.07184448
116.40789300
116.73698765
117.05858805
117.37203958
117.67656335
117.97126066
118.25512835
118.52708145
118.78597939
119.03065155
119.25991842
119.47260828
119.66757038
119.84368602
119.99988124
120.13515047
120.24861818
120.33971795
120.40866338
120.45722503
120.48896432
120.50830777
120.51940558
120.52547550
120.52867758
120.53032039
120.53114461
120.53155090
120.53174890
120.53184544
120.53189360
120.53191918
120.53193444
120.53194506
120.53195361
120.53196123
120.53196831
120.53197482
120.53198073
120.53198606
120.53199081
120.53199500
120.53199866
120.53200181
120.53200448
120.53200670
120.53200848
120.53200984
120.53201080
120.53201137
120.53201156
120.53201137
120.53201082
120.53200989
120.53200859
120.53200692
120.53200488
120.53200245
120.53199963
120.53199642
120.53199279
120.53198876
120.53150852
120.52345733
120.49749590
120.44588514
120.36266197
120.24348672
120.08545223
119.88687858
119.64710542
119.36629166
119.04522989
118.68518066
118.28772946
117.85466758
117.38789612
116.88935187
116.36095240
115.80455783
115.22194630
114.61480021
113.98470089
113.33312911
112.66146975
111.97101883
111.26299189
110.53853270
109.79872166
109.04458359
108.27709455
107.49718774
106.70575834
105.90366755
105.09174570
104.27079480
103.44159051
102.60488362
101.76140131
100.91184810
100.05690668
99.19723861
98.33348496
97.46626675
96.59618375
95.72381429
94.84971650
93.97442985
93.09847666
92.22236354
91.34658244
90.47161147
89.59791536
88.72594577
87.85614137
86.98892779
86.12471754
85.26390991
84.40689088
83.55403307
82.70569574
81.86222481
81.02395303
80.19120007
79.36427273
78.54346519
77.72905922
76.92132443
76.12051857
75.32688775
74.54066674
73.76207921
72.99133798
72.22864526
71.47419289
70.72816252
69.99072587
69.26204490
68.54227198
67.83155010
67.13001303
66.43778543
65.75498307
65.08171292
64.41807380
63.76416150
63.12007415
62.48591321
61.86178182
61.24778182
60.64401001
60.05055444
59.46749110
58.89488131
58.33276994
57.78118443
57.24013816
56.70963354
56.18965248
55.68015834
55.18109890
54.69241364
54.21408776
53.74623243
53.28914353
52.84334602
52.40961111
51.98895428
51.58261968
51.19205527
50.81888150
50.46485600
50.13183660
49.82174428
49.53652723
49.27812446
49.04842260
48.84918714
48.68191933
48.54752773
48.44569193
48.37412464
48.32832829
48.30207289
48.28862738
48.28238644
48.27970651
48.27862428
48.27820741
48.27805117
48.27799181
48.27796693
48.27795391
48.27794494
48.27793745
48.27793115
48.27792610
48.27792222
48.27791943
48.27791759
48.27791660
48.27791635
48.27791674
48.27791770
48.27791916
48.27792108
48.27792341
48.27792611
48.27792915
48.27793252
48.27793619
48.27794015
48.27794438
48.27794887
48.27795361
48.27795859
48.27796380
48.27796924
48.27797488
48.27798074
48.27798680
48.27799306
48.27799952
48.27800616
48.27801299
48.27953143
48.28615392
48.30098673
48.32685139
48.36628954
48.42156869
48.49469058
48.58740122
48.70120191
48.83736086
48.99692517
49.18073306
49.38942622
49.62346229
49.88312733
50.16854838
50.47970592
50.81644621
51.17849356
51.56546229
51.97686843
52.41214102
52.87063300
53.35163160
53.85436812
54.37802726
54.92175564
55.48466987
56.06586376
56.66441506
57.27939139
57.90985562
58.55487053
59.21350299
59.88482743
60.56792879
61.26190448
61.96581109
62.67858467
63.39917131
64.12653939
64.85967920
65.59760478
66.33935557
67.08399769
67.83062509
68.57836032
69.32635528
70.07379160
70.81988106
71.56386573
72.30501802
73.04264066
73.77606657
74.50465865
75.22780947
75.94494095
76.65550399
77.35897803
78.05487058
78.74271676
79.42207881
80.09254554
80.75373187
81.40527826
82.04685023
82.67813783
83.29885514
83.90873981
84.50755254
85.09507666
85.67111765
86.23550274
86.78808051
87.32872050
87.85731279
88.37376774
88.87801558
89.37000611
89.84970841
90.31711052
90.77221917
91.21505948
91.64567469
92.06412588
92.47049168
92.86486796
93.24736755
93.61811991
93.97727074
94.32498167
94.66142981
94.98680735
95.30132106
95.60519177
95.89865385
96.18195457
96.45535344
96.71912153
96.97354068
97.21890270
97.45550850
97.68366717
97.90369498
98.11591438
98.32065292
98.51824215
98.70901647
98.89331183
99.07146435
99.24380916
99.41067920
99.57240397
99.72930834
99.88171142
100.02992538
100.17425432
100.31499325
100.45242701
100.58682936
100.71846201
100.84757385
100.97440013
101.09916179
101.22206485
101.34329990
101.46304167
101.58144867
101.69866298
101.81480999
101.92999819
102.04431940
102.15784900
102.27064612
102.38275407
102.49420074
102.60499909
102.71514774
102.82463158
102.93342248
103.04148003
103.14875227
103.25517659
103.36068050
103.46518256
103.56859325
103.67081586
103.77174759
103.87128326
103.96932614
104.06580411
104.16068841
104.25401354
104.34589671
104.43655599
104.52632600
104.61567031
104.70519067
104.79562952
104.88786738
104.98291578
105.08190377
105.18605874
105.29668178
105.41511833
105.54272491
105.68083303
105.83070940
105.99350453
106.17022463
106.36170195
106.56856704
106.79122790
107.02985675
107.28438496
107.55450641
107.83968902
108.13919384
108.45210036
108.77733682
109.11371372
109.45995977
109.81475789
110.17677740
110.54470231
110.91725493
111.29321436
111.67142974
112.05082850
112.43042009
112.80929595
113.18662650
113.56165611
113.93369658
114.30212003
114.66635172
115.02586308
115.38016538
115.72880399
116.07135341
116.40740139
116.73649544
117.05809520
117.37154602
117.67606901
117.97076546
118.25463221
118.52658429
118.78548113
119.03015212
119.25941774
119.47210629
119.66706703
119.84318127
119.99937507
120.13464285
120.24810915
120.33920755
120.40815172
120.45671232
120.48845083
120.50779377
120.51889126
120.52496101
120.52816300
120.52980577
120.53062997
120.53103624
120.53123424
120.53133077
120.53137893
120.53140452
120.53141978
120.53143039
120.53143895
120.53144657
120.53145365
120.53146015
120.53146606
120.53147139
120.53147614
120.53148033
120.53148399
120.53148714
120.53148981
120.53149203
120.53149381
120.53149517
120.53149613
120.53149670
120.53149689
120.53149670
120.53149615
120.53149522
120.53149393
120.53149226
120.53149021
120.53148778
120.53148496
120.53148175
120.53147813
120.53147409
120.53099362
120.52294105
120.49697746
120.44536400
120.36213778
120.24295930
120.08492152
119.88634464
119.64656838
119.36575170
119.04468723
118.68463552
118.28718211
117.85411824
117.38734503
116.88879924
116.36039845
115.80400277
115.22139029
114.61424343
113.98414350
113.33257126
112.66091158
111.97046046
111.26243345
110.53797431
109.79816344
109.04402565
108.27653699
107.49663067
106.70520187
105.90311176
105.09119069
104.27024068
103.44103736
102.60433152
101.76085035
100.91129837
100.05635827
99.19669160
98.33293942
97.46572276
96.59564139
95.72327364
94.84917763
93.97389283
93.09794157
92.22183045
91.34605143
90.47108259
89.59738868
88.72542136
87.85561929
86.98840809
86.12420029
85.26339516
84.40637870
83.55352351
82.70518885
81.86172065
81.02345164
80.19070151
79.36377706
78.54297245
77.72856946
76.92083770
76.12003492
75.32640722
74.54018938
73.76160507
72.99086710
72.22817769
71.47372866
70.72770168
69.99026846
69.26159096
68.54182154
67.83110321
67.12956971
66.43734573
65.75454702
65.08128054
64.41764514
63.76373658
63.11965301
62.48549587
61.86136831
61.24737217
60.64360424
60.05015258
59.46709316
58.89448733
58.33237993
57.78079841
57.23975612
56.70925547
56.18927838
55.67978822
55.18073276
54.69205151
54.21372966
53.74587844
53.28879376
52.84300062
52.40927030
51.98861830
51.58228883
51.19172987
50.81856188
50.46454252
50.13152961
49.82144414
49.53623430
49.27783907
49.04814504
48.84891768
48.68165811
48.54727470
48.44544663
48.37388613
48.32809518
48.30184353
48.28840025
48.28216046
48.27948106
48.27839906
48.27798228
48.27782606
48.27776672
48.27774185
48.27772883
48.27771985
48.27771237
48.27770606
48.27770101
48.27769714
48.27769435
48.27769251
48.27769152
48.27769127
48.27769166
48.27769262
48.27769408
48.27769600
48.27769833
48.27770103
48.27770407
48.27770744
48.27771111
48.27771507
48.27771930
48.27772380
48.27772854
48.27773351
48.27773872
48.27774416
48.27774981
48.27775566
48.27776172
48.27776798
48.27777444
48.27778108
48.27778791
48.27930710
48.28593141
48.30076696
48.32663518
48.36607761
48.42136167
48.49448903
48.58720560
48.70101262
48.83717821
48.99674940
49.18056436
49.38926471
49.62330803
49.88298034
50.16840863
50.47957333
50.81632067
51.17837492
51.56535038
51.97676304
52.41204192
52.87053996
53.35154434
53.85428639
54.37795076
54.92168409
55.48460297
56.06580122
56.66435658
57.27933669
57.90980439
58.55482249
59.21345786
59.88478493
60.56788865
61.26186644
61.96577483
62.67854985
63.39913757
64.12650643
64.85964670
65.59757243
66.33932307
67.08396477
67.83059147
68.57832575
69.32631950
70.07375438
70.81984218
71.56382498
72.30497519
73.04259556
73.77601903
74.50460849
75.22775653
75.94488510
76.65544509
77.35891594
78.05480519
78.74264797
79.42200651
80.09246965
80.75365231
81.40519495
82.04676311
82.67804684
83.29876024
83.90864095
84.50744969
85.09496979
85.67100674
86.23538778
86.78796150
87.32859742
87.85718566
88.37363656
88.87788036
89.36986688
89.84956519
90.31696335
90.77206807
91.21490450
91.64551587
92.06396327
92.47032532
92.86469792
93.24719389
93.61794268
93.97709001
94.32479751
94.66124230
94.98661657
95.30112707
95.60499467
95.89845371
96.18175148
96.45514749
96.71891281
96.97332927
97.21868870
97.45529201
97.68344827
97.90347378
98.11569097
98.32042739
98.51801461
98.70878701
98.89308053
99.07123132
99.24357450
99.41044300
99.57216630
99.72906931
99.88147112
100.02968389
100.17401172
100.31474963
100.45218244
100.58658391
100.71821577
100.84732688
100.97415250
101.09891356
101.22181609
101.34305067
101.46279201
101.58119864
101.69841262
101.81455935
101.92974731
102.04406832
